2 0.478516 0.738281 0.000000 0.000000
2 0.292969 0.794922 0.004687 0.003305
2 0.429297 0.286058 0.000000 0.000000
2 0.467187 0.570613 0.000000 0.000000
2 0.438672 0.590144 0.000000 0.000000
2 0.280469 0.120793 0.000000 0.000000
2 0.175391 0.329327 0.000000 0.000000
2 0.177734 0.330529 0.000000 0.000000
2 0.140625 0.329327 0.000000 0.000000
2 0.147266 0.502704 0.000000 0.000000
2 0.257031 0.533353 0.000000 0.000000
2 0.337695 0.407151 0.006641 0.002404
2 0.473828 0.550781 0.000000 0.000000
2 0.501953 0.512019 0.000000 0.000000
2 0.176563 0.876202 0.000000 0.000000
