2 0.138522 0.866308 0.000000 0.000000
2 0.021034 0.830803 0.000000 0.000000
2 0.017728 0.831538 0.000000 0.000000
2 0.082933 0.826396 0.000000 0.000000
2 0.074219 0.823702 0.000000 0.000000
2 0.073317 0.825906 0.000000 0.000000
2 0.058293 0.833497 0.000000 0.000000
2 0.043870 0.830313 0.000000 0.000000
2 0.053185 0.825171 0.000000 0.000000
2 0.049579 0.821499 0.000000 0.000000
2 0.018329 0.824682 0.000000 0.000000
2 0.087740 0.810235 0.000000 0.000000
2 0.095252 0.808031 0.000000 0.000000
2 0.065204 0.811214 0.000000 0.000000
2 0.065805 0.814643 0.000000 0.000000
2 0.054688 0.818071 0.000000 0.000000
2 0.018329 0.809011 0.000000 0.000000
2 0.095853 0.774976 0.000000 0.000000
2 0.094651 0.773506 0.000000 0.000000
2 0.092548 0.772527 0.000000 0.000000
2 0.086538 0.766650 0.000000 0.000000
2 0.046274 0.762488 0.000000 0.000000
2 0.038161 0.764202 0.000000 0.000000
2 0.035156 0.763712 0.000000 0.000000
2 0.125601 0.763712 0.000000 0.000000
2 0.120793 0.762488 0.000000 0.000000
2 0.405649 0.700539 0.000000 0.000000
2 0.057091 0.707150 0.000000 0.000000
2 0.036659 0.700539 0.000000 0.000000
2 0.045373 0.709598 0.000000 0.000000
2 0.035457 0.709109 0.000000 0.000000
2 0.031851 0.713516 0.000000 0.000000
2 0.016827 0.716944 0.000000 0.000000
2 0.073017 0.724045 0.000000 0.000000
2 0.068510 0.722331 0.000000 0.000000
2 0.012921 0.708374 0.000000 0.000000
2 0.008113 0.714006 0.000000 0.000000
2 0.551983 0.382713 0.000000 0.000000
2 0.553185 0.385896 0.000000 0.000000
2 0.048077 0.753183 0.000000 0.000000
2 0.014123 0.756366 0.000000 0.000000
2 0.022837 0.759060 0.000000 0.000000
2 0.091346 0.620225 0.000000 0.000000
2 0.077224 0.634917 0.000000 0.000000
2 0.065805 0.633937 0.000000 0.000000
2 0.054688 0.633692 0.000000 0.000000
2 0.054387 0.637610 0.000000 0.000000
2 0.033353 0.634917 0.000000 0.000000
2 0.023137 0.642507 0.000000 0.000000
2 0.027945 0.644956 0.000000 0.000000
2 0.029447 0.648384 0.000000 0.000000
2 0.017728 0.647894 0.000000 0.000000
2 0.039363 0.644956 0.000000 0.000000
2 0.041466 0.647405 0.000000 0.000000
2 0.076022 0.646425 0.000000 0.000000
2 0.042668 0.642018 0.000000 0.000000
2 0.202524 0.083497 0.000000 0.000000
2 0.154147 0.557052 0.000000 0.000000
2 0.406851 0.349535 0.004207 0.002693
2 0.067308 0.658668 0.000000 0.000000
2 0.067007 0.662586 0.000000 0.000000
2 0.073918 0.673849 0.000000 0.000000
2 0.072416 0.675808 0.000000 0.000000
2 0.073317 0.682909 0.000000 0.000000
2 0.027644 0.676298 0.000000 0.000000
2 0.009315 0.678257 0.000000 0.000000
2 0.006611 0.681440 0.000000 0.000000
2 0.001502 0.675563 0.000000 0.000000
2 0.037260 0.684623 0.000000 0.000000
2 0.041166 0.697111 0.000000 0.000000
2 0.049279 0.692703 0.000000 0.000000
2 0.018329 0.695397 0.000000 0.000000
2 0.059796 0.798237 0.000000 0.000000
2 0.057692 0.797013 0.000000 0.000000
2 0.085036 0.797502 0.000000 0.000000
2 0.046875 0.778893 0.000000 0.000000
2 0.030048 0.847943 0.000000 0.000000
2 0.014123 0.852595 0.000000 0.000000
2 0.086538 0.846474 0.000000 0.000000
2 0.084135 0.847453 0.000000 0.000000
2 0.087740 0.842311 0.000000 0.000000
2 0.084135 0.845250 0.000000 0.000000
2 0.084435 0.842311 0.000000 0.000000
2 0.079026 0.842556 0.000000 0.000000
2 0.003305 0.839373 0.000000 0.000000
2 0.064603 0.836435 0.000000 0.000000
