2 0.890625 0.839128 0.000000 0.000000
2 0.899339 0.833252 0.000000 0.000000
2 0.657452 0.765181 0.000000 0.000000
2 0.957632 0.487757 0.000000 0.000000
2 0.688702 0.695274 0.001803 0.001714
2 0.900240 0.297502 0.000000 0.000000
2 0.700421 0.701763 0.000000 0.000000
2 0.844351 0.298727 0.000000 0.000000
2 0.801082 0.176298 0.000000 0.000000
2 0.765024 0.415524 0.000000 0.000000
2 0.766827 0.540402 0.000000 0.000000
2 0.768329 0.540402 0.000000 0.000000
2 0.686599 0.577865 0.003606 0.003428
2 0.774038 0.165769 0.000000 0.000000
2 0.729267 0.278771 0.001202 0.001224
2 0.725361 0.463761 0.000000 0.000000
2 0.711839 0.114104 0.000000 0.000000
3 0.733774 0.254652 0.029447 0.027914
2 0.670673 0.404750 0.000000 0.000000
2 0.532752 0.458619 0.000000 0.000000
2 0.686899 0.387120 0.000000 0.000000
2 0.614483 0.213516 0.000000 0.000000
2 0.663161 0.431440 0.000000 0.000000
2 0.633113 0.435602 0.000000 0.000000
2 0.649189 0.201273 0.002704 0.002449
2 0.644531 0.206415 0.000000 0.000000
2 0.653546 0.113859 0.000000 0.000000
2 0.739934 0.270078 0.003305 0.001959
2 0.639724 0.557786 0.000000 0.000000
2 0.778846 0.163565 0.000000 0.000000
2 0.779748 0.553624 0.000000 0.000000
2 0.797175 0.204946 0.000000 0.000000
2 0.871695 0.257835 0.000000 0.000000
2 0.829627 0.681195 0.000000 0.000000
2 0.848558 0.724290 0.000000 0.000000
2 0.852614 0.732003 0.000901 0.000735
3 0.967248 0.270446 0.064904 0.047258
2 0.918870 0.459843 0.000000 0.000000
2 0.770132 0.751714 0.004808 0.004897
2 0.676532 0.754530 0.001502 0.001224
2 0.759165 0.805950 0.000901 0.000735
2 0.914663 0.797992 0.000000 0.000000
