2 0.385517 0.761508 0.000000 0.000000
2 0.040264 0.807786 0.000000 0.000000
2 0.092548 0.790891 0.000000 0.000000
2 0.120343 0.784647 0.001502 0.001714
2 0.110276 0.807786 0.000000 0.000000
2 0.117488 0.809011 0.000000 0.000000
2 0.131310 0.801175 0.000000 0.000000
2 0.059796 0.718168 0.000000 0.000000
2 0.061448 0.306317 0.001502 0.000979
2 0.033353 0.602351 0.000000 0.000000
2 0.033954 0.596719 0.000000 0.000000
2 0.011418 0.592311 0.000000 0.000000
2 0.107873 0.601861 0.003005 0.004407
2 0.093750 0.486900 0.001803 0.002204
2 0.196665 0.256978 0.000901 0.001224
2 0.265024 0.386263 0.003606 0.003183
2 0.079627 0.865083 0.000000 0.000000
2 0.082933 0.865328 0.000000 0.000000
2 0.086538 0.864594 0.000000 0.000000
2 0.097055 0.864104 0.000000 0.000000
2 0.059796 0.832272 0.000000 0.000000
2 0.066707 0.834966 0.000000 0.000000
2 0.071214 0.840597 0.000000 0.000000
2 0.072716 0.843536 0.000000 0.000000
2 0.070012 0.852106 0.000000 0.000000
2 0.069411 0.827620 0.000000 0.000000
2 0.064904 0.827130 0.000000 0.000000
2 0.077073 0.828722 0.001502 0.002204
2 0.068810 0.825661 0.000000 0.000000
2 0.065655 0.860186 0.002704 0.000979
2 0.020132 0.834721 0.000000 0.000000
2 0.024038 0.837904 0.000000 0.000000
2 0.023888 0.823580 0.001502 0.001224
2 0.034105 0.845617 0.001502 0.000735
2 0.028245 0.846107 0.002404 0.001714
2 0.026743 0.843168 0.003005 0.001224
2 0.011418 0.858227 0.000000 0.000000
2 0.012019 0.856024 0.000000 0.000000
2 0.011719 0.850637 0.000000 0.000000
2 0.014423 0.850881 0.000000 0.000000
2 0.015925 0.865818 0.009615 0.001959
2 0.032602 0.841699 0.002704 0.002204
2 0.036058 0.836557 0.002404 0.001224
2 0.042067 0.833497 0.000000 0.000000
2 0.042368 0.836802 0.001803 0.001714
2 0.045373 0.846964 0.000000 0.000000
2 0.046875 0.846229 0.000000 0.000000
2 0.046274 0.844270 0.000000 0.000000
2 0.049279 0.845495 0.000000 0.000000
2 0.044471 0.851616 0.000000 0.000000
2 0.048377 0.849167 0.000000 0.000000
2 0.061749 0.853942 0.001502 0.001224
2 0.053936 0.844270 0.005709 0.001959
2 0.060847 0.844025 0.004507 0.001469
2 0.066707 0.845372 0.007212 0.001224
2 0.141226 0.815989 0.002404 0.001714
2 0.047776 0.833497 0.000000 0.000000
2 0.044471 0.832027 0.000000 0.000000
2 0.046875 0.836680 0.000000 0.000000
2 0.044471 0.834966 0.000000 0.000000
2 0.035156 0.813908 0.000000 0.000000
2 0.036659 0.843781 0.000000 0.000000
