2 0.765325 0.752449 0.000000 0.000000
2 0.820613 0.777669 0.000000 0.000000
2 0.809796 0.765671 0.000000 0.000000
2 0.982272 0.568315 0.000000 0.000000
2 0.988582 0.556562 0.000000 0.000000
2 0.980769 0.546278 0.000000 0.000000
2 0.981971 0.541381 0.000000 0.000000
2 0.986779 0.542850 0.000000 0.000000
2 0.993990 0.642018 0.000000 0.000000
2 0.998498 0.637120 0.000000 0.000000
2 0.988882 0.638590 0.000000 0.000000
2 0.997897 0.746817 0.000000 0.000000
2 0.990986 0.757101 0.000000 0.000000
2 0.994591 0.724045 0.000000 0.000000
2 0.965144 0.773751 0.000000 0.000000
2 0.932993 0.778648 0.000000 0.000000
2 0.955529 0.766405 0.000000 0.000000
2 0.939603 0.776200 0.000000 0.000000
2 0.873798 0.774486 0.000000 0.000000
2 0.962139 0.739716 0.000000 0.000000
2 0.959135 0.772772 0.000000 0.000000
2 0.911058 0.778893 0.000000 0.000000
2 0.926683 0.776445 0.000000 0.000000
2 0.946815 0.781587 0.000000 0.000000
2 0.953125 0.778893 0.000000 0.000000
2 0.966947 0.760284 0.000000 0.000000
2 0.951923 0.755632 0.000000 0.000000
2 0.949820 0.751714 0.000000 0.000000
2 0.856070 0.778648 0.000000 0.000000
2 0.855769 0.766161 0.000000 0.000000
2 0.924279 0.760529 0.000000 0.000000
2 0.869591 0.765426 0.000000 0.000000
2 0.889724 0.762977 0.000000 0.000000
2 0.864183 0.757835 0.000000 0.000000
2 0.916767 0.750245 0.000000 0.000000
2 0.898738 0.748776 0.000000 0.000000
2 0.908954 0.753673 0.000000 0.000000
2 0.902945 0.752449 0.000000 0.000000
2 0.877404 0.761019 0.000000 0.000000
2 0.871695 0.761019 0.000000 0.000000
2 0.861178 0.759794 0.000000 0.000000
2 0.842849 0.759305 0.000000 0.000000
2 0.909555 0.760529 0.000000 0.000000
2 0.880108 0.773017 0.000000 0.000000
2 0.884916 0.770323 0.000000 0.000000
2 0.986478 0.753183 0.000000 0.000000
2 0.980168 0.731146 0.000000 0.000000
2 0.847055 0.774976 0.000000 0.000000
2 0.863882 0.749510 0.000000 0.000000
2 0.863882 0.755142 0.000000 0.000000
2 0.840445 0.757346 0.000000 0.000000
2 0.856971 0.745837 0.000000 0.000000
2 0.912260 0.771792 0.000000 0.000000
2 0.922175 0.770323 0.000000 0.000000
2 0.972356 0.771058 0.000000 0.000000
2 0.973257 0.750979 0.000000 0.000000
2 0.892728 0.760529 0.000000 0.000000
2 0.926983 0.763467 0.000000 0.000000
2 0.914062 0.764202 0.000000 0.000000
2 0.973257 0.762488 0.000000 0.000000
2 0.973858 0.758815 0.000000 0.000000
2 0.995493 0.761998 0.000000 0.000000
2 0.870793 0.729432 0.000000 0.000000
2 0.882512 0.738002 0.000000 0.000000
2 0.863582 0.729432 0.000000 0.000000
2 0.857873 0.730411 0.000000 0.000000
2 0.866587 0.735064 0.000000 0.000000
2 0.855469 0.741185 0.000000 0.000000
2 0.864483 0.732370 0.000000 0.000000
2 0.857873 0.734329 0.000000 0.000000
2 0.877704 0.733839 0.000000 0.000000
2 0.876202 0.742654 0.000000 0.000000
2 0.901743 0.630999 0.000000 0.000000
2 0.940805 0.671156 0.000000 0.000000
2 0.775541 0.254652 0.000000 0.000000
2 0.760216 0.259549 0.000000 0.000000
2 0.770132 0.250245 0.000000 0.000000
6 0.782452 0.248041 0.260817 0.188051
3 0.776442 0.243756 0.093149 0.057052
2 0.722957 0.197356 0.000000 0.000000
2 0.737680 0.218413 0.000000 0.000000
2 0.658353 0.433766 0.007212 0.006121
2 0.929087 0.720127 0.000000 0.000000
2 0.839243 0.724290 0.000000 0.000000
2 0.891526 0.724045 0.000000 0.000000
2 0.861178 0.727473 0.000000 0.000000
2 0.939904 0.683399 0.000000 0.000000
2 0.942007 0.675073 0.000000 0.000000
2 0.955529 0.683399 0.000000 0.000000
2 0.956731 0.686337 0.000000 0.000000
2 0.942909 0.713271 0.000000 0.000000
2 0.850661 0.720617 0.000000 0.000000
2 0.966947 0.697600 0.000000 0.000000
2 0.975962 0.702008 0.000000 0.000000
2 0.959135 0.690010 0.000000 0.000000
2 0.960637 0.671156 0.000000 0.000000
2 0.971154 0.696131 0.000000 0.000000
2 0.979267 0.723310 0.000000 0.000000
2 0.968450 0.706170 0.000000 0.000000
2 0.967248 0.711312 0.000000 0.000000
2 0.967248 0.553134 0.000000 0.000000
2 0.843750 0.791381 0.000000 0.000000
2 0.855769 0.791136 0.000000 0.000000
2 0.847656 0.790646 0.000000 0.000000
2 0.855168 0.783301 0.000000 0.000000
2 0.867788 0.787708 0.000000 0.000000
2 0.858173 0.785994 0.000000 0.000000
2 0.859976 0.782076 0.000000 0.000000
