2 0.083834 0.615328 0.000000 0.000000
2 0.210637 0.535504 0.000000 0.000000
2 0.324219 0.432664 0.000000 0.000000
2 0.329026 0.457640 0.000000 0.000000
6 0.075571 0.604187 0.112680 0.074192
2 0.217248 0.336435 0.000000 0.000000
2 0.196514 0.391038 0.000000 0.000000
2 0.094952 0.221841 0.000000 0.000000
2 0.027344 0.233595 0.000000 0.000000
2 0.059195 0.328110 0.000000 0.000000
2 0.196514 0.492654 0.000000 0.000000
2 0.153846 0.496327 0.000000 0.000000
2 0.254808 0.365328 0.000000 0.000000
2 0.061298 0.602351 0.000000 0.000000
3 0.078576 0.604310 0.065204 0.043095
2 0.162861 0.597209 0.000000 0.000000
