2 0.999219 0.437500 0.000000 0.000000
2 0.998047 0.412560 0.000000 0.000000
2 0.974609 0.438101 0.000000 0.000000
2 0.967187 0.434796 0.000000 0.000000
2 0.998047 0.305889 0.000000 0.000000
2 0.947656 0.458534 0.000000 0.000000
2 0.885547 0.434195 0.000000 0.000000
2 0.862891 0.428486 0.000000 0.000000
2 0.810547 0.429387 0.000000 0.000000
2 0.807031 0.453125 0.000000 0.000000
2 0.803516 0.449820 0.000000 0.000000
2 0.769141 0.428786 0.000000 0.000000
2 0.683984 0.429087 0.000000 0.000000
2 0.805859 0.219651 0.000000 0.000000
2 0.798438 0.236178 0.000000 0.000000
2 0.804297 0.258714 0.000000 0.000000
2 0.790234 0.255108 0.000000 0.000000
2 0.866406 0.286358 0.000000 0.000000
2 0.866406 0.288762 0.000000 0.000000
2 0.874219 0.298678 0.000000 0.000000
2 0.853516 0.294772 0.000000 0.000000
2 0.850000 0.288762 0.000000 0.000000
2 0.847656 0.283954 0.000000 0.000000
2 0.866016 0.264423 0.000000 0.000000
2 0.818750 0.277043 0.000000 0.000000
2 0.813281 0.279447 0.000000 0.000000
2 0.780859 0.269231 0.000000 0.000000
2 0.771484 0.266827 0.000000 0.000000
2 0.776563 0.272536 0.000000 0.000000
2 0.783594 0.277945 0.000000 0.000000
2 0.772656 0.276743 0.000000 0.000000
2 0.778125 0.282752 0.000000 0.000000
2 0.791406 0.285757 0.000000 0.000000
2 0.806641 0.299880 0.000000 0.000000
2 0.783203 0.288462 0.000000 0.000000
2 0.807813 0.328425 0.000000 0.000000
2 0.805078 0.325421 0.000000 0.000000
2 0.769141 0.252103 0.000000 0.000000
2 0.772266 0.252103 0.000000 0.000000
2 0.768359 0.246394 0.000000 0.000000
2 0.737109 0.382212 0.000000 0.000000
2 0.739062 0.384615 0.000000 0.000000
2 0.740234 0.388522 0.000000 0.000000
2 0.744531 0.369291 0.000000 0.000000
2 0.766016 0.379808 0.000000 0.000000
2 0.769141 0.382212 0.000000 0.000000
2 0.768750 0.395733 0.000000 0.000000
2 0.797656 0.378906 0.000000 0.000000
2 0.684766 0.424279 0.000000 0.000000
2 0.795312 0.408954 0.000000 0.000000
2 0.790234 0.405048 0.000000 0.000000
2 0.808594 0.401743 0.000000 0.000000
2 0.807422 0.396334 0.000000 0.000000
2 0.802734 0.390325 0.000000 0.000000
2 0.809375 0.392127 0.000000 0.000000
2 0.833984 0.400541 0.000000 0.000000
2 0.848437 0.378906 0.000000 0.000000
2 0.853125 0.405349 0.000000 0.000000
2 0.857422 0.411358 0.000000 0.000000
2 0.872266 0.410457 0.000000 0.000000
2 0.883203 0.425781 0.000000 0.000000
2 0.877344 0.403245 0.000000 0.000000
2 0.883594 0.404748 0.000000 0.000000
2 0.887891 0.406851 0.000000 0.000000
2 0.893750 0.420673 0.001563 0.001202
2 0.893555 0.408203 0.002734 0.001502
2 0.867578 0.391977 0.001563 0.001502
2 0.916602 0.395583 0.002734 0.002704
2 0.818945 0.361178 0.006641 0.003005
2 0.808984 0.359675 0.000000 0.000000
2 0.812891 0.353666 0.000000 0.000000
2 0.804297 0.348558 0.000000 0.000000
2 0.819141 0.352764 0.000000 0.000000
2 0.800000 0.341046 0.000000 0.000000
2 0.825391 0.347957 0.000000 0.000000
2 0.818750 0.340745 0.000000 0.000000
2 0.819531 0.335637 0.000000 0.000000
2 0.828906 0.331430 0.000000 0.000000
2 0.834375 0.338041 0.000000 0.000000
2 0.841406 0.341346 0.000000 0.000000
2 0.848437 0.350962 0.000000 0.000000
2 0.851172 0.331430 0.000000 0.000000
2 0.901172 0.327825 0.000000 0.000000
2 0.972656 0.360276 0.000000 0.000000
2 0.929297 0.312500 0.000000 0.000000
2 0.879297 0.318510 0.000000 0.000000
2 0.922266 0.322716 0.000000 0.000000
2 0.914453 0.294471 0.000000 0.000000
2 0.887500 0.265625 0.000000 0.000000
2 0.982812 0.369892 0.000000 0.000000
2 0.969141 0.410156 0.000000 0.000000
2 0.972656 0.412861 0.000000 0.000000
2 0.989062 0.409255 0.000000 0.000000
2 0.986328 0.417067 0.000000 0.000000
2 0.990234 0.586238 0.000000 0.000000
2 0.929297 0.591947 0.000000 0.000000
