2 0.215595 0.779383 0.003305 0.002938
2 0.201322 0.625367 0.000000 0.000000
2 0.212139 0.625367 0.000000 0.000000
2 0.094651 0.646670 0.000000 0.000000
2 0.096454 0.644221 0.000000 0.000000
2 0.098257 0.647160 0.000000 0.000000
2 0.202224 0.642262 0.000000 0.000000
2 0.243690 0.559500 0.000000 0.000000
2 0.329327 0.540402 0.000000 0.000000
2 0.058444 0.534892 0.002704 0.002693
2 0.052734 0.535260 0.000300 0.000490
2 0.113281 0.537096 0.001202 0.000735
2 0.292969 0.532076 0.000000 0.000000
2 0.096454 0.577620 0.000000 0.000000
2 0.189002 0.459598 0.000000 0.000000
2 0.211839 0.414545 0.000000 0.000000
2 0.146034 0.423849 0.000000 0.000000
2 0.240986 0.438296 0.000000 0.000000
2 0.161959 0.433399 0.000000 0.000000
2 0.163762 0.444907 0.000000 0.000000
2 0.144231 0.481758 0.000601 0.000245
2 0.106370 0.477106 0.000601 0.000245
2 0.202224 0.473800 0.000000 0.000000
2 0.257662 0.488369 0.001502 0.001224
2 0.359976 0.485309 0.000000 0.000000
6 0.070913 0.523996 0.114784 0.084721
2 0.187951 0.363369 0.001502 0.001469
2 0.181641 0.371939 0.000901 0.000979
2 0.227163 0.360186 0.000000 0.000000
2 0.210337 0.358472 0.000000 0.000000
2 0.257212 0.346719 0.000000 0.000000
2 0.265325 0.338149 0.000000 0.000000
2 0.251803 0.326641 0.000000 0.000000
2 0.311599 0.315010 0.001803 0.001224
2 0.178486 0.244613 0.001803 0.001469
2 0.029447 0.063908 0.000000 0.000000
2 0.051382 0.044442 0.003606 0.001224
2 0.080228 0.271303 0.001202 0.000979
2 0.076623 0.283913 0.003005 0.001714
2 0.134014 0.406219 0.000000 0.000000
2 0.212139 0.380754 0.000000 0.000000
2 0.200721 0.386631 0.000601 0.000490
2 0.154898 0.386263 0.001502 0.000735
3 0.065505 0.519466 0.055889 0.039422
2 0.160006 0.517140 0.001502 0.000979
2 0.052584 0.520568 0.000000 0.000000
2 0.051082 0.521058 0.000000 0.000000
2 0.064002 0.515426 0.000000 0.000000
2 0.062800 0.515916 0.000000 0.000000
2 0.075721 0.517140 0.000000 0.000000
2 0.200120 0.496817 0.000000 0.000000
2 0.251202 0.508570 0.000601 0.000490
2 0.248798 0.503673 0.000000 0.000000
2 0.217248 0.708741 0.003005 0.004652
2 0.096755 0.651567 0.000000 0.000000
2 0.081731 0.650833 0.000000 0.000000
2 0.074219 0.650833 0.000000 0.000000
2 0.077524 0.650098 0.000000 0.000000
2 0.070913 0.649608 0.000000 0.000000
2 0.181190 0.677032 0.002404 0.002449
2 0.161659 0.687316 0.000000 0.000000
2 0.149790 0.695029 0.003305 0.002693
