2 0.685096 0.702008 0.000000 0.000000
2 0.694712 0.685847 0.000000 0.000000
2 0.719201 0.664422 0.002704 0.000735
2 0.656400 0.518854 0.002103 0.001469
2 0.667368 0.521548 0.001803 0.001959
2 0.411659 0.492654 0.000000 0.000000
2 0.804688 0.271303 0.000000 0.000000
2 0.562500 0.420176 0.000000 0.000000
2 0.556791 0.435357 0.000000 0.000000
2 0.577825 0.417238 0.000000 0.000000
2 0.599159 0.429726 0.000000 0.000000
2 0.599459 0.424094 0.000000 0.000000
2 0.600361 0.402057 0.000000 0.000000
2 0.655649 0.385162 0.000000 0.000000
2 0.422776 0.391038 0.000000 0.000000
2 0.624700 0.117532 0.000000 0.000000
3 0.554087 0.328110 0.027043 0.027424
3 0.775992 0.217801 0.070613 0.036974
2 0.750000 0.342311 0.000000 0.000000
2 0.741887 0.082762 0.000000 0.000000
2 0.512320 0.304358 0.000000 0.000000
2 0.655950 0.330313 0.000000 0.000000
2 0.595252 0.356024 0.000601 0.000490
2 0.594501 0.364226 0.003305 0.003183
2 0.799279 0.298237 0.000000 0.000000
2 0.908654 0.224290 0.004808 0.003918
2 0.738431 0.488492 0.005108 0.004897
2 0.638672 0.452987 0.001502 0.000979
2 0.531250 0.485064 0.000000 0.000000
2 0.421274 0.470372 0.000000 0.000000
2 0.689603 0.465720 0.000000 0.000000
2 0.712440 0.480167 0.000000 0.000000
2 0.442007 0.454701 0.000000 0.000000
2 0.808293 0.469638 0.000000 0.000000
2 0.806791 0.595005 0.000000 0.000000
2 0.714243 0.623898 0.000000 0.000000
2 0.445613 0.597453 0.000000 0.000000
2 0.609976 0.557052 0.000000 0.000000
2 0.611478 0.547258 0.000000 0.000000
2 0.640024 0.566601 0.000000 0.000000
2 0.752103 0.562929 0.000000 0.000000
2 0.586388 0.536239 0.002704 0.001959
2 0.656851 0.529016 0.001202 0.001224
2 0.759916 0.715230 0.000000 0.000000
2 0.643930 0.721352 0.000000 0.000000
