-1 0.110937 0.541316 0.004687 0.003906
2 0.020508 0.270883 0.004297 0.002704
2 0.037500 0.280349 0.005469 0.004207
2 0.023828 0.288161 0.002344 0.001202
2 0.028516 0.287260 0.003906 0.003005
2 0.013867 0.304387 0.001953 0.001803
2 0.015625 0.301983 0.000000 0.000000
2 0.007617 0.264573 0.006641 0.002103
2 0.256250 0.468149 0.000000 0.000000
-1 0.158789 0.461989 0.002734 0.002103
2 0.114062 0.461839 0.000000 0.000000
2 0.134766 0.465895 0.011719 0.009315
2 0.082227 0.478365 0.005859 0.004808
2 0.092578 0.482121 0.001563 0.002103
2 0.086328 0.483624 0.005469 0.004507
