2 0.978125 0.742188 0.000000 0.000000
2 0.998437 0.715445 0.000000 0.000000
2 0.997656 0.711538 0.000000 0.000000
2 0.997656 0.707031 0.000000 0.000000
2 0.991797 0.695613 0.000000 0.000000
2 0.958594 0.627704 0.000000 0.000000
2 0.937891 0.632512 0.000000 0.000000
2 0.958203 0.603666 0.000000 0.000000
2 0.932031 0.604567 0.000000 0.000000
2 0.923047 0.601562 0.000000 0.000000
2 0.914844 0.599459 0.000000 0.000000
2 0.932422 0.590745 0.000000 0.000000
2 0.910156 0.620793 0.000000 0.000000
2 0.992578 0.620493 0.000000 0.000000
2 0.994141 0.621995 0.000000 0.000000
2 0.941406 0.498798 0.000000 0.000000
2 0.935937 0.499399 0.000000 0.000000
2 0.927344 0.498197 0.000000 0.000000
2 0.798047 0.500601 0.000000 0.000000
2 0.785937 0.473858 0.000000 0.000000
2 0.906641 0.423678 0.000000 0.000000
2 0.901563 0.426683 0.000000 0.000000
2 0.890625 0.428486 0.000000 0.000000
2 0.884766 0.426382 0.000000 0.000000
2 0.907422 0.409255 0.000000 0.000000
2 0.890234 0.408053 0.000000 0.000000
2 0.883203 0.417368 0.000000 0.000000
2 0.917969 0.392428 0.000000 0.000000
2 0.913672 0.389423 0.000000 0.000000
2 0.918359 0.386719 0.000000 0.000000
2 0.905469 0.390024 0.000000 0.000000
2 0.916797 0.378606 0.000000 0.000000
2 0.929688 0.359375 0.000000 0.000000
2 0.912891 0.349159 0.000000 0.000000
2 0.902734 0.363882 0.000000 0.000000
2 0.905859 0.336238 0.000000 0.000000
2 0.926562 0.326923 0.000000 0.000000
2 0.925781 0.321514 0.000000 0.000000
2 0.919922 0.318209 0.000000 0.000000
2 0.916797 0.314603 0.000000 0.000000
2 0.917578 0.308293 0.000000 0.000000
2 0.909375 0.261118 0.000000 0.000000
2 0.919531 0.196214 0.000000 0.000000
2 0.893750 0.326923 0.000000 0.000000
2 0.892969 0.360577 0.000000 0.000000
2 0.899609 0.351863 0.000000 0.000000
2 0.900781 0.367488 0.000000 0.000000
2 0.871875 0.367488 0.000000 0.000000
2 0.878125 0.367488 0.000000 0.000000
2 0.709375 0.449219 0.000000 0.000000
2 0.712500 0.447416 0.000000 0.000000
2 0.942187 0.297776 0.000000 0.000000
2 0.933203 0.323618 0.000000 0.000000
2 0.948828 0.327524 0.000000 0.000000
2 0.933203 0.335337 0.000000 0.000000
2 0.933594 0.342548 0.000000 0.000000
2 0.950781 0.348858 0.000000 0.000000
2 0.934375 0.369892 0.000000 0.000000
2 0.941406 0.390625 0.000000 0.000000
2 0.939453 0.410757 0.000000 0.000000
2 0.945312 0.411358 0.000000 0.000000
2 0.948828 0.410156 0.000000 0.000000
2 0.796094 0.495493 0.000000 0.000000
2 0.921875 0.491587 0.000000 0.000000
2 0.924219 0.494591 0.000000 0.000000
2 0.927344 0.495793 0.000000 0.000000
2 0.810937 0.369892 0.000000 0.000000
2 0.938672 0.566106 0.000000 0.000000
2 0.954297 0.551683 0.000000 0.000000
2 0.926953 0.514724 0.000000 0.000000
2 0.994141 0.369291 0.000000 0.000000
2 0.866797 0.519231 0.000000 0.000000
2 0.860938 0.521034 0.000000 0.000000
2 0.805859 0.512320 0.000000 0.000000
2 0.784375 0.511118 0.000000 0.000000
2 0.982031 0.378005 0.000000 0.000000
2 0.953516 0.347656 0.000000 0.000000
2 0.951953 0.307692 0.000000 0.000000
2 0.840625 0.509014 0.000000 0.000000
2 0.987891 0.351262 0.000000 0.000000
2 0.911719 0.502404 0.000000 0.000000
2 0.931641 0.503606 0.000000 0.000000
2 0.914062 0.505709 0.000000 0.000000
2 0.955469 0.505409 0.000000 0.000000
2 0.970313 0.502103 0.000000 0.000000
2 0.796875 0.546575 0.000000 0.000000
2 0.800781 0.546274 0.000000 0.000000
2 0.985547 0.673678 0.000000 0.000000
2 0.985156 0.652945 0.000000 0.000000
2 0.975391 0.649038 0.000000 0.000000
2 0.974609 0.645433 0.000000 0.000000
2 0.947266 0.647837 0.000000 0.000000
2 0.919922 0.653846 0.000000 0.000000
2 0.932422 0.645433 0.000000 0.000000
2 0.906641 0.655649 0.000000 0.000000
2 0.914844 0.644832 0.000000 0.000000
2 0.851562 0.650541 0.000000 0.000000
2 0.942969 0.659856 0.000000 0.000000
2 0.957422 0.661959 0.000000 0.000000
2 0.962500 0.664062 0.000000 0.000000
2 0.962891 0.659856 0.000000 0.000000
2 0.977344 0.656550 0.000000 0.000000
2 0.983984 0.662560 0.000000 0.000000
2 0.987500 0.683894 0.000000 0.000000
2 0.984766 0.692608 0.000000 0.000000
