2 0.078906 0.557392 0.000000 0.000000
2 0.070703 0.562800 0.000000 0.000000
2 0.071094 0.560096 0.000000 0.000000
2 0.059766 0.554688 0.000000 0.000000
2 0.056641 0.563702 0.000000 0.000000
2 0.022656 0.555889 0.000000 0.000000
2 0.082031 0.493990 0.000000 0.000000
2 0.083984 0.494892 0.000000 0.000000
2 0.009766 0.454026 0.000000 0.000000
2 0.035547 0.455529 0.000000 0.000000
2 0.046094 0.459736 0.000000 0.000000
2 0.035547 0.460637 0.000000 0.000000
2 0.040234 0.470853 0.000000 0.000000
2 0.008984 0.472356 0.000000 0.000000
2 0.143359 0.463041 0.000000 0.000000
2 0.044141 0.414062 0.000000 0.000000
2 0.016797 0.423978 0.000000 0.000000
2 0.085156 0.335337 0.000000 0.000000
2 0.086328 0.332632 0.000000 0.000000
2 0.088281 0.329327 0.000000 0.000000
2 0.017969 0.359375 0.000000 0.000000
2 0.022656 0.359675 0.000000 0.000000
2 0.098047 0.344651 0.000000 0.000000
2 0.100781 0.337440 0.000000 0.000000
2 0.109375 0.330829 0.000000 0.000000
2 0.126953 0.329327 0.000000 0.000000
2 0.167187 0.274038 0.000000 0.000000
2 0.116016 0.288161 0.000000 0.000000
2 0.121484 0.290565 0.000000 0.000000
2 0.123828 0.273738 0.000000 0.000000
2 0.149609 0.259315 0.000000 0.000000
2 0.158984 0.268630 0.000000 0.000000
2 0.113281 0.259315 0.000000 0.000000
2 0.138672 0.306791 0.000000 0.000000
2 0.129688 0.310096 0.000000 0.000000
2 0.105078 0.323017 0.000000 0.000000
2 0.032422 0.320312 0.000000 0.000000
2 0.064062 0.300180 0.000000 0.000000
2 0.082031 0.322115 0.000000 0.000000
2 0.087891 0.326923 0.000000 0.000000
2 0.087500 0.318209 0.000000 0.000000
2 0.090234 0.317608 0.000000 0.000000
2 0.080469 0.308894 0.000000 0.000000
2 0.177344 0.322716 0.000000 0.000000
2 0.087891 0.378606 0.000000 0.000000
2 0.066016 0.372897 0.000000 0.000000
2 0.065234 0.371094 0.000000 0.000000
2 0.053906 0.365385 0.000000 0.000000
2 0.031250 0.365986 0.000000 0.000000
2 0.039062 0.379808 0.000000 0.000000
2 0.040625 0.384315 0.000000 0.000000
2 0.103125 0.435397 0.000000 0.000000
2 0.088672 0.442608 0.000000 0.000000
2 0.074219 0.438401 0.000000 0.000000
2 0.062500 0.448618 0.000000 0.000000
2 0.038281 0.437800 0.000000 0.000000
2 0.035547 0.434195 0.000000 0.000000
2 0.025391 0.434495 0.000000 0.000000
2 0.039062 0.447716 0.000000 0.000000
2 0.031641 0.445012 0.000000 0.000000
2 0.026172 0.445613 0.000000 0.000000
2 0.026562 0.448317 0.000000 0.000000
2 0.023438 0.486779 0.000000 0.000000
2 0.051953 0.489183 0.000000 0.000000
2 0.199219 0.486178 0.000000 0.000000
2 0.146484 0.490986 0.000000 0.000000
2 0.135547 0.487380 0.000000 0.000000
2 0.259766 0.478365 0.000000 0.000000
2 0.050781 0.475361 0.000000 0.000000
2 0.049805 0.521484 0.004297 0.003305
2 0.027344 0.509315 0.000000 0.000000
