2 0.074219 0.680138 0.005469 0.005108
2 0.261914 0.493089 0.001953 0.001202
2 0.135156 0.615234 0.004687 0.002704
2 0.073438 0.454026 0.005469 0.004207
2 0.072656 0.420222 0.008594 0.008714
2 0.092969 0.403395 0.002344 0.001502
2 0.083203 0.432692 0.002344 0.002404
2 0.047266 0.429838 0.010156 0.006310
2 0.060937 0.437650 0.002344 0.002103
2 0.010547 0.360577 0.002344 0.001803
2 0.023047 0.368239 0.014844 0.009315
2 0.008203 0.346755 0.000000 0.000000
2 0.008789 0.340294 0.002734 0.002103
2 0.037109 0.372296 0.004687 0.003606
2 0.032031 0.368840 0.003906 0.002103
2 0.036328 0.378005 0.003125 0.002404
2 0.031836 0.374399 0.001172 0.001202
2 0.055078 0.395883 0.001563 0.000901
2 0.026758 0.392278 0.003516 0.003906
2 0.112305 0.432843 0.003516 0.003305
2 0.033594 0.480319 0.003125 0.002704
2 0.127148 0.644381 0.014453 0.008113
2 0.084766 0.684645 0.001563 0.001502
2 0.079492 0.684796 0.005859 0.005409
