2 0.948828 0.455529 0.000000 0.000000
2 0.924609 0.503305 0.000000 0.000000
2 0.921484 0.500000 0.000000 0.000000
2 0.921094 0.496695 0.000000 0.000000
2 0.919141 0.499399 0.000000 0.000000
2 0.917578 0.497596 0.000000 0.000000
2 0.917969 0.503305 0.000000 0.000000
2 0.830469 0.487981 0.000000 0.000000
2 0.895703 0.526442 0.000000 0.000000
2 0.872266 0.431190 0.000000 0.000000
2 0.988672 0.433293 0.000000 0.000000
2 0.959375 0.431490 0.000000 0.000000
2 0.961719 0.431791 0.000000 0.000000
2 0.961719 0.429988 0.000000 0.000000
2 0.800391 0.585637 0.000000 0.000000
