2 0.192969 0.859675 0.000000 0.000000
2 0.122266 0.729868 0.000000 0.000000
2 0.120313 0.733774 0.000000 0.000000
2 0.131641 0.731370 0.000000 0.000000
2 0.061328 0.668570 0.000000 0.000000
2 0.112500 0.660757 0.000000 0.000000
2 0.169141 0.629207 0.000000 0.000000
2 0.016797 0.516526 0.000000 0.000000
2 0.310156 0.463642 0.000000 0.000000
2 0.046094 0.503906 0.000000 0.000000
2 0.166602 0.465294 0.003516 0.002704
2 0.048438 0.428786 0.000000 0.000000
2 0.057422 0.280048 0.000000 0.000000
1 0.323242 0.496244 0.063672 0.049579
2 0.327344 0.457332 0.000000 0.000000
2 0.325391 0.460036 0.000000 0.000000
2 0.006641 0.589844 0.000000 0.000000
2 0.116016 0.653546 0.000000 0.000000
2 0.134766 0.686599 0.000000 0.000000
2 0.126953 0.736779 0.000000 0.000000
2 0.104688 0.734976 0.000000 0.000000
2 0.114062 0.740685 0.000000 0.000000
2 0.114062 0.745493 0.000000 0.000000
