2 0.903906 0.276442 0.000000 0.000000
2 0.901953 0.278245 0.000000 0.000000
2 0.710547 0.349159 0.001563 0.001803
2 0.720703 0.344651 0.000000 0.000000
2 0.776563 0.348558 0.000000 0.000000
2 0.700781 0.345553 0.000000 0.000000
2 0.690234 0.347957 0.000000 0.000000
2 0.727344 0.320913 0.000000 0.000000
2 0.731641 0.331881 0.003125 0.002704
2 0.728125 0.328726 0.000000 0.000000
2 0.728125 0.337740 0.000000 0.000000
3 0.724414 0.347356 0.161328 0.129207
2 0.708203 0.374399 0.003906 0.003005
2 0.780078 0.369892 0.000000 0.000000
2 0.696484 0.363582 0.000000 0.000000
2 0.687891 0.358474 0.000000 0.000000
3 0.848437 0.285907 0.054688 0.039964
2 0.718750 0.356671 0.000000 0.000000
2 0.694922 0.377103 0.000000 0.000000
