2 0.117578 0.710487 0.001563 0.002103
2 0.319922 0.714393 0.001563 0.001502
2 0.260156 0.707031 0.000000 0.000000
2 0.311328 0.712740 0.006250 0.003005
2 0.215625 0.713942 0.005469 0.001803
2 0.254883 0.689303 0.000391 0.000601
2 0.273828 0.724609 0.002344 0.001502
2 0.329297 0.726262 0.000781 0.000601
2 0.252344 0.687951 0.003125 0.001502
2 0.616797 0.570012 0.000000 0.000000
2 0.412891 0.565355 0.007031 0.005108
2 0.415625 0.561298 0.005469 0.004808
2 0.025391 0.550781 0.005469 0.003606
2 0.370312 0.571214 0.004687 0.003005
2 0.331055 0.608624 0.008984 0.006911
2 0.209180 0.603516 0.012109 0.009315
2 0.481836 0.625751 0.006641 0.006310
2 0.238672 0.627254 0.010156 0.008113
2 0.434766 0.437800 0.000000 0.000000
2 0.012109 0.425481 0.000000 0.000000
2 0.008984 0.425781 0.000000 0.000000
2 0.356836 0.440204 0.003516 0.001803
2 0.233984 0.220853 0.000000 0.000000
2 0.232813 0.219050 0.000000 0.000000
2 0.228906 0.219050 0.000000 0.000000
2 0.235547 0.327524 0.000000 0.000000
2 0.029297 0.315204 0.000000 0.000000
2 0.071094 0.315054 0.025000 0.006911
2 0.575195 0.439754 0.001172 0.001502
3 0.306250 0.726412 0.139063 0.097055
2 0.095312 0.637770 0.003906 0.002704
2 0.261328 0.640925 0.000000 0.000000
2 0.096484 0.653546 0.003906 0.002404
2 0.221289 0.654597 0.005078 0.004507
2 0.116797 0.652494 0.007812 0.006310
2 0.382812 0.671124 0.004687 0.004507
2 0.325195 0.728365 0.004297 0.003606
