2 0.588281 0.698618 0.000000 0.000000
2 0.638281 0.670974 0.000000 0.000000
2 0.670312 0.654748 0.000000 0.000000
2 0.758594 0.620493 0.000000 0.000000
2 0.811719 0.641827 0.000000 0.000000
2 0.814844 0.612380 0.000000 0.000000
2 0.814844 0.728365 0.000000 0.000000
2 0.814844 0.724159 0.000000 0.000000
2 0.745703 0.693510 0.000000 0.000000
2 0.677344 0.587740 0.000000 0.000000
2 0.743359 0.622897 0.000000 0.000000
2 0.692578 0.648438 0.000000 0.000000
2 0.725586 0.608173 0.002734 0.001803
2 0.624609 0.581130 0.000000 0.000000
2 0.938672 0.767428 0.000000 0.000000
2 0.909766 0.779748 0.000000 0.000000
2 0.769922 0.773438 0.000000 0.000000
2 0.860547 0.745192 0.000000 0.000000
2 0.866016 0.746995 0.000000 0.000000
2 0.853906 0.757212 0.000000 0.000000
2 0.849609 0.614183 0.000000 0.000000
2 0.850391 0.618089 0.000000 0.000000
2 0.958203 0.588341 0.000000 0.000000
2 0.934766 0.579928 0.000000 0.000000
2 0.887500 0.579026 0.000000 0.000000
2 0.848437 0.584435 0.000000 0.000000
