2 0.252930 0.594050 0.003516 0.004808
2 0.117188 0.613882 0.003906 0.001803
2 0.136328 0.588792 0.008594 0.005108
2 0.307031 0.581731 0.000000 0.000000
2 0.311719 0.572716 0.000000 0.000000
2 0.292578 0.563401 0.000000 0.000000
2 0.306836 0.568209 0.001953 0.001803
2 0.414844 0.599159 0.000000 0.000000
2 0.419336 0.590445 0.004297 0.003005
2 0.208398 0.438401 0.011328 0.009615
2 0.230078 0.295974 0.000000 0.000000
2 0.298633 0.431791 0.008203 0.006611
2 0.313672 0.309946 0.003906 0.002103
2 0.441016 0.366436 0.006250 0.005709
2 0.205664 0.219050 0.004297 0.002404
3 0.335742 0.576923 0.116016 0.105168
2 0.510547 0.542368 0.000000 0.000000
2 0.234766 0.511418 0.005469 0.004808
2 0.274805 0.534255 0.003516 0.001202
2 0.337109 0.540114 0.003906 0.005108
2 0.344531 0.532302 0.006250 0.006310
2 0.353320 0.540415 0.001172 0.000901
2 0.327344 0.487981 0.006250 0.003606
2 0.329297 0.492638 0.006250 0.004507
2 0.289453 0.496244 0.003906 0.003305
2 0.264453 0.532151 0.000000 0.000000
2 0.277734 0.535457 0.000000 0.000000
2 0.110156 0.541166 0.004687 0.001202
2 0.239063 0.473558 0.010937 0.007812
2 0.185547 0.658353 0.000000 0.000000
2 0.184375 0.657452 0.000000 0.000000
2 0.021680 0.766226 0.005859 0.003606
