2 0.980859 0.559796 0.000000 0.000000
2 0.980469 0.547776 0.000000 0.000000
2 0.816797 0.668870 0.000000 0.000000
2 0.814063 0.671575 0.000000 0.000000
2 0.660156 0.549279 0.000000 0.000000
2 0.757031 0.387620 0.000000 0.000000
2 0.597656 0.511418 0.000000 0.000000
2 0.775781 0.501502 0.000000 0.000000
2 0.762500 0.484976 0.000000 0.000000
2 0.690234 0.488882 0.000000 0.000000
2 0.742578 0.241887 0.000000 0.000000
2 0.743750 0.385517 0.000000 0.000000
2 0.801953 0.631310 0.000000 0.000000
2 0.935547 0.650240 0.000000 0.000000
2 0.983984 0.550481 0.000000 0.000000
