2 0.982422 0.319411 0.000000 0.000000
2 0.931641 0.647085 0.006250 0.005709
2 0.925195 0.644681 0.006641 0.006310
2 0.923242 0.651292 0.004297 0.003906
2 0.822852 0.704177 0.005859 0.004507
2 0.862500 0.666466 0.000000 0.000000
2 0.678711 0.684645 0.006641 0.003906
2 0.679297 0.613281 0.000000 0.000000
2 0.739062 0.585036 0.000000 0.000000
2 0.585547 0.489032 0.007031 0.005709
2 0.559570 0.302885 0.005078 0.004207
2 0.648242 0.572266 0.006641 0.005108
2 0.772656 0.540565 0.007031 0.006010
2 0.771289 0.585938 0.008203 0.009014
2 0.759375 0.608023 0.005469 0.004507
2 0.610938 0.605619 0.011719 0.006911
2 0.826172 0.670222 0.009375 0.006911
2 0.731641 0.697867 0.006250 0.004507
2 0.675391 0.720553 0.010156 0.006010
