2 0.301563 0.713642 0.000000 0.000000
2 0.120703 0.718149 0.000000 0.000000
2 0.121094 0.716046 0.000000 0.000000
2 0.115234 0.716647 0.000000 0.000000
2 0.106250 0.718750 0.000000 0.000000
2 0.110547 0.717548 0.000000 0.000000
2 0.108984 0.716046 0.000000 0.000000
2 0.105469 0.714243 0.000000 0.000000
2 0.300391 0.744591 0.000000 0.000000
2 0.285938 0.752404 0.000000 0.000000
2 0.152344 0.741286 0.000000 0.000000
2 0.375000 0.468450 0.000000 0.000000
2 0.358203 0.524639 0.000000 0.000000
2 0.321484 0.481971 0.000000 0.000000
2 0.342187 0.469050 0.000000 0.000000
2 0.348438 0.458834 0.000000 0.000000
2 0.345703 0.469050 0.000000 0.000000
2 0.385547 0.476262 0.000000 0.000000
-1 0.259766 0.372145 0.278125 0.208834
2 0.201953 0.360577 0.000000 0.000000
2 0.105469 0.702524 0.000000 0.000000
2 0.200391 0.634315 0.000000 0.000000
2 0.233984 0.652043 0.000000 0.000000
2 0.041797 0.602764 0.000000 0.000000
2 0.390234 0.546875 0.000000 0.000000
2 0.396875 0.543269 0.000000 0.000000
2 0.388281 0.492488 0.000000 0.000000
2 0.395313 0.474760 0.000000 0.000000
2 0.139063 0.616887 0.000000 0.000000
2 0.366406 0.669171 0.000000 0.000000
2 0.359766 0.667368 0.000000 0.000000
2 0.269531 0.664964 0.000000 0.000000
2 0.261719 0.667668 0.000000 0.000000
2 0.344922 0.667969 0.000000 0.000000
2 0.346094 0.672776 0.000000 0.000000
