2 0.780664 0.705228 0.004297 0.003005
2 0.579883 0.509766 0.010547 0.005709
2 0.830078 0.373648 0.008594 0.005709
2 0.844727 0.327674 0.005078 0.005108
2 0.617578 0.448317 0.007031 0.004207
2 0.678320 0.452224 0.005859 0.006010
2 0.745898 0.456731 0.006641 0.004808
2 0.739453 0.451322 0.007812 0.006010
2 0.732422 0.310697 0.000000 0.000000
2 0.702930 0.394832 0.008203 0.006010
2 0.671875 0.343750 0.000000 0.000000
2 0.747656 0.427284 0.000000 0.000000
2 0.820312 0.436899 0.007031 0.004808
2 0.811523 0.435547 0.009766 0.007512
2 0.818555 0.442007 0.008203 0.005409
2 0.693750 0.527043 0.010937 0.009615
2 0.694531 0.627554 0.005469 0.003906
