2 0.333984 0.479567 0.000000 0.000000
2 0.385547 0.457933 0.000000 0.000000
2 0.387500 0.463642 0.000000 0.000000
2 0.385937 0.463642 0.000000 0.000000
2 0.283984 0.646334 0.000000 0.000000
2 0.131250 0.539363 0.000000 0.000000
2 0.279687 0.506010 0.000000 0.000000
2 0.283203 0.502103 0.000000 0.000000
2 0.247266 0.463942 0.000000 0.000000
2 0.258984 0.441707 0.000000 0.000000
2 0.253516 0.436899 0.000000 0.000000
2 0.271875 0.431791 0.000000 0.000000
2 0.267188 0.427584 0.000000 0.000000
2 0.244922 0.444411 0.000000 0.000000
2 0.235937 0.447115 0.002344 0.001202
2 0.195312 0.454928 0.000000 0.000000
2 0.186719 0.462740 0.000000 0.000000
2 0.196094 0.452825 0.000000 0.000000
2 0.219922 0.348858 0.000000 0.000000
2 0.231055 0.406851 0.001953 0.002404
2 0.098437 0.345252 0.000000 0.000000
2 0.095312 0.341947 0.000000 0.000000
2 0.133594 0.263822 0.003125 0.001803
-1 0.176367 0.284255 0.279297 0.179087
2 0.089844 0.384014 0.000000 0.000000
2 0.162500 0.379507 0.000000 0.000000
2 0.308984 0.321815 0.000000 0.000000
2 0.308984 0.316406 0.000000 0.000000
2 0.301563 0.397837 0.000000 0.000000
2 0.293359 0.402344 0.000000 0.000000
2 0.294922 0.542969 0.000000 0.000000
2 0.292578 0.543570 0.000000 0.000000
2 0.290234 0.543570 0.000000 0.000000
2 0.310156 0.539062 0.000000 0.000000
2 0.163672 0.695312 0.000000 0.000000
2 0.391797 0.471755 0.000000 0.000000
2 0.143750 0.656250 0.000000 0.000000
2 0.163672 0.675781 0.000000 0.000000
