2 0.734675 0.629775 0.000000 0.000000
2 0.697867 0.329456 0.002103 0.001714
6 0.831881 0.354799 0.277344 0.241920
3 0.878756 0.274363 0.044171 0.040402
2 0.832782 0.334966 0.000901 0.000979
2 0.830679 0.311949 0.000901 0.000979
2 0.833233 0.307786 0.000000 0.000000
2 0.738131 0.339128 0.002704 0.001959
2 0.731070 0.367654 0.002404 0.002204
2 0.722957 0.388467 0.002404 0.001224
2 0.723858 0.384305 0.001202 0.000735
2 0.695312 0.381366 0.001202 0.000735
2 0.716196 0.389691 0.000901 0.001224
2 0.717398 0.381978 0.000901 0.000490
2 0.710787 0.386019 0.001502 0.000735
2 0.723708 0.378673 0.000901 0.000735
2 0.729718 0.364716 0.000901 0.001224
2 0.722055 0.374878 0.000000 0.000000
2 0.721755 0.373898 0.000000 0.000000
2 0.679387 0.345984 0.001202 0.001469
2 0.683444 0.335088 0.003305 0.001714
2 0.704327 0.354554 0.001202 0.000979
2 0.707031 0.351494 0.000601 0.000735
2 0.703125 0.344638 0.000601 0.000735
2 0.725060 0.330681 0.000601 0.000735
2 0.721154 0.325049 0.004808 0.001714
2 0.724309 0.321621 0.001502 0.002204
2 0.724008 0.308766 0.001502 0.000979
2 0.732272 0.298849 0.000601 0.000735
2 0.735126 0.299461 0.000901 0.000979
2 0.718900 0.354432 0.001502 0.001224
2 0.718299 0.352351 0.000300 0.000490
2 0.720252 0.344025 0.004808 0.001469
2 0.679838 0.365206 0.000901 0.000245
2 0.682843 0.375000 0.000901 0.001224
2 0.661659 0.382713 0.001803 0.000979
2 0.655048 0.386263 0.003005 0.001714
2 0.682242 0.390181 0.003906 0.002693
2 0.672476 0.376592 0.001202 0.000490
2 0.693059 0.345984 0.000901 0.000979
2 0.701623 0.373164 0.000000 0.000000
2 0.682392 0.371939 0.000000 0.000000
2 0.660156 0.350392 0.001202 0.001469
2 0.785757 0.319295 0.000000 0.000000
2 0.790264 0.322233 0.000000 0.000000
2 0.782452 0.314887 0.000000 0.000000
2 0.773738 0.290402 0.000601 0.000490
2 0.761418 0.335333 0.001202 0.001224
2 0.757061 0.332640 0.001502 0.001714
2 0.755559 0.334721 0.000901 0.000979
2 0.741436 0.376836 0.000901 0.000979
2 0.767127 0.362880 0.000000 0.000000
2 0.768029 0.364594 0.000000 0.000000
2 0.771034 0.364349 0.000000 0.000000
2 0.778546 0.363124 0.000000 0.000000
2 0.782452 0.362390 0.000000 0.000000
2 0.800781 0.350147 0.000000 0.000000
2 0.792969 0.355779 0.000000 0.000000
2 0.803636 0.309868 0.003305 0.002204
2 0.802284 0.313786 0.001202 0.000735
2 0.804387 0.304603 0.001202 0.001959
2 0.789363 0.328110 0.000000 0.000000
2 0.796424 0.326028 0.000901 0.000735
2 0.788311 0.331415 0.002103 0.001224
2 0.782151 0.371450 0.000601 0.000490
2 0.796575 0.357370 0.001202 0.001224
2 0.786959 0.355044 0.001202 0.000979
2 0.790264 0.351616 0.001202 0.000979
2 0.797927 0.344025 0.001502 0.000979
2 0.794471 0.342434 0.001202 0.000735
2 0.782151 0.321254 0.000601 0.000490
2 0.774790 0.354432 0.000901 0.000735
2 0.776142 0.350392 0.000601 0.000490
2 0.764724 0.338883 0.000601 0.000979
2 0.790114 0.366920 0.000901 0.001224
2 0.797175 0.349902 0.000601 0.000490
2 0.793419 0.346841 0.000901 0.000735
2 0.757362 0.336680 0.000901 0.000979
2 0.793119 0.352473 0.001502 0.000735
2 0.773588 0.345495 0.001502 0.000979
2 0.786058 0.339740 0.004808 0.005632
2 0.800030 0.332150 0.002103 0.001714
2 0.771334 0.338761 0.001202 0.001224
2 0.748648 0.362267 0.000901 0.001714
2 0.790415 0.337169 0.003305 0.002449
2 0.782452 0.346352 0.001202 0.001714
2 0.781701 0.344393 0.000901 0.000735
2 0.778696 0.345495 0.002103 0.000979
2 0.777794 0.342311 0.002704 0.001959
2 0.762921 0.344882 0.002404 0.001714
2 0.742788 0.380264 0.001803 0.001469
3 0.810847 0.343413 0.145132 0.111900
2 0.870643 0.326273 0.000300 0.000735
2 0.798377 0.587659 0.000000 0.000000
