2 0.918570 0.405975 0.000000 0.000000
2 0.877103 0.409403 0.000000 0.000000
2 0.879507 0.415034 0.000000 0.000000
2 0.898438 0.632468 0.000000 0.000000
2 0.856370 0.676543 0.000000 0.000000
2 0.759014 0.430460 0.000000 0.000000
2 0.774790 0.432909 0.000901 0.000490
2 0.779597 0.438908 0.003305 0.002204
2 0.779597 0.434256 0.000901 0.000735
2 0.758864 0.453355 0.001502 0.000735
2 0.774189 0.451028 0.000901 0.002449
2 0.773137 0.465965 0.000000 0.000000
2 0.798077 0.461802 0.000000 0.000000
2 0.795373 0.439030 0.000000 0.000000
2 0.758714 0.417728 0.000000 0.000000
2 0.758714 0.469638 0.000000 0.000000
2 0.757812 0.468903 0.000000 0.000000
2 0.759014 0.466699 0.000000 0.000000
2 0.757212 0.468168 0.000000 0.000000
2 0.761118 0.406219 0.000000 0.000000
2 0.749399 0.395446 0.000000 0.000000
2 0.771034 0.406832 0.003606 0.002204
2 0.745493 0.409525 0.001202 0.001224
2 0.744441 0.408056 0.001502 0.001224
2 0.748347 0.404995 0.001502 0.001959
2 0.750451 0.404628 0.000901 0.000735
2 0.766526 0.392630 0.003005 0.002204
2 0.705228 0.431929 0.000000 0.000000
2 0.737079 0.411851 0.001202 0.001469
2 0.713041 0.411729 0.001202 0.001714
2 0.714844 0.410382 0.001202 0.001469
2 0.734075 0.409647 0.000000 0.000000
2 0.720252 0.412096 0.000000 0.000000
2 0.716346 0.426053 0.000000 0.000000
2 0.721154 0.430950 0.000000 0.000000
2 0.712740 0.433399 0.000000 0.000000
2 0.816707 0.391528 0.000000 0.000000
3 0.771034 0.283056 0.135216 0.112145
2 0.833233 0.304114 0.000000 0.000000
2 0.811599 0.303991 0.001202 0.000735
2 0.813852 0.308154 0.002704 0.000735
2 0.817758 0.304726 0.001502 0.000735
2 0.817909 0.309378 0.001803 0.000735
2 0.827825 0.306317 0.000000 0.000000
2 0.823768 0.302400 0.001502 0.000979
2 0.827073 0.300686 0.002103 0.000979
2 0.840445 0.296278 0.000000 0.000000
2 0.839243 0.299461 0.000000 0.000000
2 0.842248 0.299951 0.000000 0.000000
2 0.843450 0.300686 0.000000 0.000000
2 0.844050 0.299461 0.000000 0.000000
2 0.827524 0.326641 0.000000 0.000000
2 0.831731 0.326641 0.000000 0.000000
2 0.814303 0.351371 0.000000 0.000000
2 0.818510 0.353820 0.000000 0.000000
2 0.819111 0.354799 0.000000 0.000000
2 0.809946 0.342067 0.000901 0.000979
2 0.802885 0.341822 0.000000 0.000000
2 0.807392 0.335455 0.000000 0.000000
2 0.844651 0.348923 0.001202 0.000979
2 0.821364 0.347576 0.001502 0.001224
2 0.841046 0.364594 0.000000 0.000000
2 0.826923 0.386386 0.000000 0.000000
2 0.812049 0.384182 0.000901 0.000979
2 0.808894 0.371817 0.001202 0.001224
2 0.737380 0.297992 0.000000 0.000000
2 0.739183 0.309745 0.000000 0.000000
2 0.738281 0.310235 0.000000 0.000000
2 0.735577 0.364594 0.000000 0.000000
2 0.732572 0.361655 0.000000 0.000000
2 0.733173 0.361655 0.000000 0.000000
2 0.731971 0.349657 0.000000 0.000000
2 0.731370 0.347209 0.000000 0.000000
2 0.733474 0.347453 0.000000 0.000000
2 0.734375 0.349167 0.000000 0.000000
2 0.732873 0.345739 0.000000 0.000000
2 0.735577 0.345984 0.000000 0.000000
2 0.741286 0.340353 0.000000 0.000000
2 0.741587 0.331293 0.000000 0.000000
2 0.716046 0.331538 0.000000 0.000000
2 0.723558 0.327620 0.000000 0.000000
2 0.724760 0.366552 0.000000 0.000000
2 0.707332 0.356636 0.001202 0.000735
2 0.728215 0.353575 0.000300 0.000490
2 0.742188 0.369368 0.001803 0.001714
2 0.743690 0.373776 0.001803 0.001224
2 0.788612 0.358227 0.006310 0.007346
2 0.755709 0.370837 0.003005 0.002693
2 0.771635 0.346229 0.003005 0.003428
2 0.764123 0.357615 0.001803 0.002204
2 0.795673 0.381734 0.001803 0.001959
2 0.778095 0.375367 0.000901 0.001469
2 0.757362 0.384060 0.003305 0.002204
2 0.772987 0.371817 0.001502 0.001714
2 0.776743 0.386019 0.002404 0.001224
2 0.788762 0.381121 0.001803 0.001224
2 0.755709 0.380754 0.000000 0.000000
2 0.752704 0.341087 0.000000 0.000000
2 0.780048 0.338883 0.000000 0.000000
2 0.773438 0.333741 0.000000 0.000000
2 0.746695 0.328355 0.000000 0.000000
2 0.749399 0.351371 0.000000 0.000000
2 0.793570 0.346964 0.000000 0.000000
2 0.772386 0.328722 0.002704 0.001714
2 0.774189 0.330313 0.000300 0.000490
2 0.767728 0.323947 0.001202 0.000979
2 0.770282 0.326763 0.000901 0.000245
2 0.766827 0.326028 0.001202 0.001224
2 0.771935 0.336190 0.001202 0.001469
2 0.768630 0.329824 0.000000 0.000000
2 0.767728 0.328110 0.000000 0.000000
2 0.747596 0.323213 0.000000 0.000000
2 0.759615 0.325171 0.000000 0.000000
2 0.769531 0.324192 0.000000 0.000000
2 0.769531 0.323213 0.000000 0.000000
2 0.774189 0.321009 0.002103 0.002449
2 0.771034 0.355044 0.000000 0.000000
2 0.766526 0.355289 0.000601 0.000979
2 0.777644 0.318071 0.000000 0.000000
2 0.747296 0.346964 0.000000 0.000000
2 0.753906 0.385406 0.000000 0.000000
2 0.788762 0.307542 0.000000 0.000000
2 0.772236 0.305705 0.001803 0.001224
2 0.759315 0.308521 0.000000 0.000000
2 0.759615 0.309990 0.000000 0.000000
2 0.756611 0.304358 0.000000 0.000000
2 0.758413 0.302644 0.000000 0.000000
2 0.759615 0.300930 0.000000 0.000000
2 0.774189 0.307174 0.000901 0.000245
2 0.769982 0.311337 0.000300 0.000245
2 0.770883 0.309500 0.002103 0.001959
2 0.760817 0.305338 0.000601 0.000490
2 0.763822 0.304358 0.001202 0.000490
2 0.760817 0.308399 0.001202 0.000245
2 0.755859 0.309378 0.000300 0.000735
2 0.765625 0.310480 0.000601 0.000490
2 0.766677 0.309868 0.000901 0.000735
2 0.767728 0.308643 0.001202 0.001714
2 0.766677 0.305950 0.001502 0.001714
2 0.757662 0.300563 0.000901 0.000735
2 0.755409 0.300318 0.001803 0.000735
2 0.747145 0.306562 0.000901 0.000490
2 0.760066 0.314887 0.002704 0.004897
2 0.776142 0.317826 0.000000 0.000000
2 0.782151 0.313418 0.000000 0.000000
2 0.780950 0.315132 0.000000 0.000000
2 0.850060 0.292850 0.000000 0.000000
-1 0.838942 0.090108 0.000000 0.000000
