2 0.390234 0.570312 0.000000 0.000000
2 0.334375 0.509916 0.000000 0.000000
2 0.362500 0.516226 0.000000 0.000000
2 0.257422 0.543870 0.000000 0.000000
2 0.241797 0.542969 0.000000 0.000000
2 0.085156 0.435998 0.000000 0.000000
2 0.150391 0.442608 0.000000 0.000000
3 0.245703 0.357422 0.078906 0.060998
2 0.138281 0.402945 0.000000 0.000000
2 0.074609 0.414964 0.000000 0.000000
2 0.082812 0.428486 0.000000 0.000000
2 0.148438 0.432091 0.000000 0.000000
2 0.139844 0.525541 0.000000 0.000000
2 0.200000 0.510517 0.000000 0.000000
2 0.203906 0.508413 0.000000 0.000000
2 0.290234 0.509014 0.000000 0.000000
2 0.291016 0.477464 0.000000 0.000000
2 0.161719 0.454627 0.000000 0.000000
2 0.266016 0.445913 0.000000 0.000000
2 0.297656 0.415565 0.000000 0.000000
2 0.295312 0.408654 0.000000 0.000000
2 0.069141 0.697416 0.000000 0.000000
