2 0.051172 0.578425 0.000000 0.000000
2 0.018359 0.639423 0.000000 0.000000
2 0.351953 0.294171 0.000000 0.000000
2 0.337891 0.279147 0.000000 0.000000
2 0.296094 0.307392 0.000000 0.000000
2 0.305859 0.300781 0.000000 0.000000
2 0.307812 0.293870 0.000000 0.000000
2 0.312891 0.289663 0.000000 0.000000
2 0.286328 0.303786 0.000000 0.000000
2 0.215234 0.387019 0.000000 0.000000
2 0.227344 0.211839 0.000000 0.000000
2 0.251172 0.298377 0.000000 0.000000
2 0.024219 0.183293 0.000000 0.000000
2 0.045703 0.237380 0.000000 0.000000
2 0.045312 0.241587 0.000000 0.000000
2 0.064844 0.240685 0.000000 0.000000
3 0.097266 0.128456 0.071875 0.060998
2 0.144922 0.216346 0.000000 0.000000
2 0.212891 0.210637 0.000000 0.000000
2 0.165234 0.196514 0.000000 0.000000
