2 0.039453 0.246394 0.004687 0.003606
2 0.034180 0.250601 0.006641 0.004808
2 0.302539 0.325120 0.005078 0.002404
2 0.321484 0.319111 0.012500 0.007812
2 0.195312 0.369291 0.005469 0.004207
2 0.186328 0.483023 0.029687 0.003305
2 0.270117 0.444712 0.003516 0.002404
2 0.312891 0.423227 0.005469 0.005108
2 0.320312 0.420823 0.003906 0.002103
2 0.347461 0.424429 0.005859 0.003305
2 0.377930 0.432392 0.003516 0.003606
2 0.352344 0.412109 0.012500 0.016526
2 0.161719 0.464093 0.003906 0.001502
2 0.176563 0.471605 0.006250 0.004507
2 0.259766 0.639423 0.008594 0.006611
2 0.295703 0.612380 0.000000 0.000000
2 0.272656 0.503456 0.023438 0.006310
2 0.422656 0.479718 0.005469 0.003305
2 0.307812 0.466346 0.000000 0.000000
2 0.296094 0.482873 0.000000 0.000000
2 0.229492 0.487981 0.002734 0.002404
2 0.268750 0.484375 0.003906 0.001803
2 0.202539 0.521635 0.010547 0.007812
2 0.217773 0.498648 0.004297 0.003906
2 0.232227 0.507963 0.005078 0.003906
2 0.157422 0.463191 0.002344 0.000901
2 0.145313 0.282302 0.003906 0.004507
2 0.253906 0.251352 0.014063 0.010517
2 0.163086 0.242188 0.007422 0.005409
2 0.033984 0.218600 0.003906 0.002103
