2 0.298828 0.717434 0.008714 0.006856
2 0.088041 0.613614 0.000000 0.000000
2 0.088041 0.611900 0.000000 0.000000
2 0.300781 0.602106 0.000000 0.000000
2 0.275541 0.549706 0.000000 0.000000
2 0.274639 0.545299 0.000000 0.000000
2 0.266526 0.547258 0.000000 0.000000
2 0.265024 0.545054 0.000000 0.000000
2 0.265925 0.544319 0.000000 0.000000
2 0.262620 0.542850 0.000000 0.000000
2 0.262921 0.546768 0.000000 0.000000
2 0.240986 0.457884 0.000000 0.000000
2 0.219952 0.450784 0.000000 0.000000
2 0.233023 0.404750 0.002103 0.001469
2 0.363281 0.598923 0.000000 0.000000
