2 0.278125 0.426082 0.000000 0.000000
2 0.266211 0.412410 0.002734 0.001502
2 0.262109 0.414213 0.001563 0.002103
2 0.264062 0.402644 0.003125 0.001803
2 0.261328 0.406550 0.002344 0.001803
2 0.257422 0.404447 0.000000 0.000000
2 0.174609 0.463942 0.000000 0.000000
2 0.180078 0.466947 0.000000 0.000000
2 0.135937 0.419772 0.000000 0.000000
2 0.137891 0.426382 0.000000 0.000000
2 0.128906 0.424880 0.001563 0.002404
2 0.120703 0.417969 0.000000 0.000000
2 0.113281 0.418870 0.000000 0.000000
2 0.116406 0.417969 0.000000 0.000000
2 0.132031 0.420974 0.000000 0.000000
2 0.133984 0.423077 0.000000 0.000000
2 0.218359 0.384014 0.000000 0.000000
2 0.218750 0.403245 0.000000 0.000000
2 0.219922 0.416166 0.000000 0.000000
2 0.186523 0.306340 0.004297 0.002704
2 0.187891 0.313101 0.000000 0.000000
2 0.190234 0.326172 0.001563 0.000901
2 0.193750 0.326022 0.000000 0.000000
2 0.193750 0.331430 0.000000 0.000000
2 0.191016 0.321965 0.002344 0.001502
2 0.188477 0.323768 0.001953 0.002103
2 0.189648 0.330228 0.001953 0.001202
2 0.185156 0.332482 0.006250 0.008113
2 0.194531 0.379808 0.000000 0.000000
2 0.151953 0.327975 0.002344 0.001502
2 0.150000 0.320312 0.000000 0.000000
2 0.148438 0.325421 0.001563 0.001803
2 0.163281 0.325871 0.001563 0.000901
2 0.164062 0.329627 0.001563 0.001803
2 0.167383 0.326923 0.001172 0.001202
2 0.198437 0.322266 0.002344 0.001502
2 0.202148 0.299730 0.005859 0.008714
2 0.206641 0.309645 0.001563 0.001502
2 0.203125 0.303335 0.001563 0.000901
2 0.202344 0.306490 0.000781 0.000601
2 0.203516 0.304988 0.000781 0.000601
2 0.204297 0.301382 0.000000 0.000000
2 0.198633 0.307392 0.005859 0.005409
2 0.144531 0.410757 0.000000 0.000000
2 0.156250 0.405048 0.000000 0.000000
2 0.191016 0.407151 0.000000 0.000000
2 0.193750 0.410156 0.000000 0.000000
2 0.117188 0.409255 0.000000 0.000000
2 0.108594 0.411659 0.000000 0.000000
2 0.107813 0.415264 0.000000 0.000000
2 0.132227 0.415715 0.003516 0.001502
2 0.115234 0.412260 0.000000 0.000000
2 0.141406 0.410306 0.005469 0.004507
2 0.224219 0.415264 0.000000 0.000000
2 0.169922 0.449519 0.000000 0.000000
2 0.167969 0.451022 0.000000 0.000000
2 0.172656 0.447716 0.000000 0.000000
2 0.172656 0.445913 0.000000 0.000000
2 0.254688 0.407452 0.000000 0.000000
2 0.255859 0.410907 0.001563 0.002103
2 0.272852 0.416316 0.001953 0.001502
2 0.270313 0.426833 0.004687 0.004507
2 0.269141 0.423528 0.001563 0.001502
2 0.281250 0.396935 0.000000 0.000000
2 0.284766 0.399940 0.000000 0.000000
2 0.324609 0.378005 0.000000 0.000000
3 0.171680 0.295823 0.170703 0.175180
6 0.162109 0.290114 0.228906 0.237680
1 0.123242 0.646785 0.226953 0.206430
2 0.032031 0.733624 0.018750 0.007512
2 0.185156 0.520733 0.000000 0.000000
2 0.061328 0.545673 0.000000 0.000000
2 0.060937 0.539964 0.000000 0.000000
2 0.176563 0.527644 0.000000 0.000000
2 0.193750 0.545373 0.000000 0.000000
2 0.193359 0.550481 0.001563 0.001803
2 0.202930 0.541316 0.001172 0.001502
2 0.194141 0.538912 0.003906 0.002704
2 0.204883 0.538311 0.003516 0.002704
2 0.208789 0.539964 0.001172 0.002404
2 0.202148 0.545823 0.003516 0.002103
2 0.192969 0.553185 0.000000 0.000000
2 0.203125 0.496695 0.000000 0.000000
2 0.209375 0.497296 0.000000 0.000000
2 0.207813 0.497596 0.000000 0.000000
2 0.168750 0.506010 0.000000 0.000000
2 0.220703 0.482272 0.000000 0.000000
2 0.204297 0.479567 0.000000 0.000000
2 0.225391 0.484976 0.000000 0.000000
2 0.223047 0.487981 0.000000 0.000000
2 0.176172 0.517428 0.000000 0.000000
2 0.180469 0.519531 0.000000 0.000000
2 0.171875 0.515925 0.000000 0.000000
2 0.170313 0.513221 0.000000 0.000000
2 0.342773 0.652194 0.004297 0.003305
