2 0.851367 0.719651 0.012891 0.010216
2 0.977539 0.411058 0.008203 0.006611
2 0.976758 0.156701 0.006641 0.005108
2 0.973047 0.225962 0.000000 0.000000
2 0.743359 0.602163 0.015625 0.012019
2 0.908008 0.222356 0.005078 0.003606
2 0.710352 0.612981 0.007422 0.005409
2 0.670117 0.489032 0.003516 0.002103
2 0.718750 0.490385 0.010937 0.009014
2 0.848047 0.421875 0.003906 0.003005
2 0.840039 0.173978 0.006641 0.004808
2 0.837891 0.195463 0.006250 0.004507
2 0.859180 0.192608 0.004297 0.003606
2 0.774023 0.510066 0.005859 0.003906
2 0.681055 0.423528 0.010547 0.006911
2 0.774414 0.381310 0.005859 0.006611
2 0.713672 0.337290 0.007812 0.006310
2 0.702930 0.356070 0.008203 0.006010
2 0.732227 0.455980 0.007422 0.006310
2 0.736133 0.460787 0.008203 0.006310
2 0.743555 0.447566 0.022266 0.020132
2 0.894531 0.562350 0.006250 0.003906
2 0.889844 0.564002 0.000000 0.000000
2 0.888281 0.562500 0.000000 0.000000
2 0.892188 0.569712 0.000000 0.000000
2 0.891406 0.573918 0.000000 0.000000
2 0.887109 0.572266 0.002344 0.002103
2 0.881641 0.565505 0.000000 0.000000
2 0.872656 0.562200 0.000000 0.000000
2 0.900000 0.173377 0.006250 0.005409
2 0.758789 0.544020 0.002734 0.002704
2 0.885938 0.550781 0.000000 0.000000
2 0.968359 0.194261 0.009375 0.006911
2 0.879297 0.641677 0.006250 0.005709
