2 0.883203 0.177284 0.000000 0.000000
2 0.901172 0.551983 0.000000 0.000000
2 0.652734 0.694712 0.000000 0.000000
2 0.745313 0.697716 0.000000 0.000000
2 0.817578 0.175180 0.000000 0.000000
3 0.867969 0.596154 0.176563 0.172476
2 0.424609 0.435096 0.000000 0.000000
2 0.428516 0.435998 0.000000 0.000000
2 0.587500 0.420673 0.004687 0.003606
2 0.438281 0.341346 0.000000 0.000000
2 0.657227 0.259615 0.006641 0.006010
2 0.716797 0.262620 0.000000 0.000000
2 0.844922 0.549579 0.000000 0.000000
2 0.841016 0.389123 0.000000 0.000000
2 0.847656 0.453125 0.000000 0.000000
2 0.867188 0.152945 0.000000 0.000000
