2 0.708233 0.751714 0.000000 0.000000
2 0.785156 0.728820 0.007812 0.004163
2 0.868840 0.723066 0.009916 0.005387
2 0.803185 0.717556 0.006010 0.006611
2 0.610577 0.654016 0.009014 0.010284
2 0.584435 0.664300 0.000000 0.000000
2 0.585036 0.669197 0.000000 0.000000
2 0.589243 0.670911 0.000000 0.000000
2 0.815655 0.593536 0.006310 0.003918
2 0.693510 0.593291 0.000000 0.000000
2 0.964694 0.245715 0.005709 0.003673
2 0.975661 0.455436 0.000000 0.000000
2 0.943810 0.422870 0.000000 0.000000
2 0.797175 0.588271 0.009014 0.004163
2 0.609525 0.625612 0.004507 0.003428
2 0.608774 0.612023 0.009014 0.006611
2 0.629808 0.624510 0.012019 0.007101
2 0.895433 0.429236 0.011418 0.012733
2 0.590144 0.562439 0.000000 0.000000
2 0.708684 0.567703 0.002704 0.007101
2 0.852764 0.502081 0.011418 0.005632
2 0.675931 0.502571 0.002103 0.001224
2 0.774189 0.485309 0.008113 0.006366
2 0.826923 0.445886 0.028245 0.010284
2 0.838942 0.337904 0.008413 0.006856
2 0.832782 0.353697 0.011118 0.009060
2 0.818960 0.190989 0.002704 0.003428
2 0.599609 0.478942 0.003906 0.004897
2 0.749700 0.338394 0.000000 0.000000
2 0.762019 0.324927 0.000000 0.000000
2 0.761418 0.337169 0.000000 0.000000
2 0.779147 0.234941 0.018029 0.005632
2 0.754056 0.234452 0.007512 0.005632
2 0.760817 0.245348 0.005409 0.004897
2 0.740685 0.253918 0.004808 0.003918
2 0.745643 0.334109 0.007512 0.007101
2 0.759615 0.310970 0.003606 0.002449
2 0.660156 0.293340 0.000000 0.000000
2 0.669171 0.261019 0.000000 0.000000
2 0.672927 0.279016 0.008714 0.005632
2 0.686899 0.234941 0.004808 0.004163
2 0.679087 0.232125 0.004808 0.004407
2 0.644832 0.317336 0.009615 0.008815
2 0.710337 0.263957 0.000000 0.000000
2 0.694111 0.270568 0.007812 0.005387
2 0.707782 0.218781 0.004507 0.005142
2 0.621094 0.461680 0.013221 0.009060
2 0.776743 0.375857 0.000000 0.000000
2 0.786058 0.201518 0.000000 0.000000
2 0.782752 0.268854 0.000000 0.000000
2 0.791917 0.443928 0.009916 0.008325
2 0.786508 0.419074 0.012320 0.004652
2 0.786659 0.222209 0.003606 0.003183
2 0.792368 0.302400 0.004207 0.002938
2 0.670823 0.527669 0.003305 0.003428
2 0.863281 0.443683 0.000000 0.000000
2 0.873798 0.467556 0.007212 0.007101
2 0.874249 0.444662 0.013522 0.002938
2 0.874700 0.452498 0.009014 0.006366
2 0.638371 0.632591 0.011118 0.007591
2 0.823317 0.643242 0.007812 0.005387
2 0.634615 0.636508 0.001803 0.001714
2 0.582332 0.630264 0.001803 0.001469
2 0.573017 0.633325 0.001202 0.001224
2 0.636418 0.628795 0.000000 0.000000
2 0.705078 0.687194 0.005108 0.009060
2 0.771184 0.687684 0.014123 0.006121
2 0.627855 0.744123 0.005108 0.003918
2 0.626352 0.740206 0.004507 0.003918
2 0.863281 0.792116 0.000000 0.000000
