2 0.441797 0.711238 0.000000 0.000000
2 0.433203 0.711238 0.000000 0.000000
2 0.423828 0.710337 0.000000 0.000000
2 0.426953 0.711238 0.000000 0.000000
2 0.308203 0.720553 0.000000 0.000000
2 0.299219 0.723858 0.000000 0.000000
2 0.264453 0.714543 0.000000 0.000000
2 0.203516 0.719952 0.000000 0.000000
2 0.425000 0.707632 0.000000 0.000000
2 0.351172 0.682392 0.000000 0.000000
2 0.348438 0.684195 0.000000 0.000000
2 0.344141 0.680589 0.000000 0.000000
2 0.302734 0.681190 0.000000 0.000000
2 0.320312 0.671575 0.000000 0.000000
2 0.328906 0.673978 0.000000 0.000000
2 0.342578 0.673077 0.000000 0.000000
2 0.471094 0.622596 0.000000 0.000000
2 0.439063 0.622897 0.000000 0.000000
2 0.376563 0.581130 0.000000 0.000000
2 0.208594 0.555589 0.000000 0.000000
2 0.274609 0.585637 0.003906 0.003005
2 0.263672 0.585637 0.000000 0.000000
2 0.358594 0.583834 0.000000 0.000000
2 0.357422 0.576623 0.000000 0.000000
2 0.037891 0.583684 0.002344 0.002103
2 0.350781 0.566106 0.000000 0.000000
2 0.389453 0.581130 0.000000 0.000000
2 0.416406 0.589243 0.000000 0.000000
2 0.433594 0.580829 0.000000 0.000000
2 0.005469 0.506911 0.003125 0.002404
2 0.447656 0.513822 0.000000 0.000000
2 0.266797 0.472356 0.000000 0.000000
2 0.382031 0.495192 0.000000 0.000000
2 0.416016 0.510216 0.000000 0.000000
2 0.434375 0.484976 0.000000 0.000000
2 0.332617 0.349910 0.007422 0.003305
2 0.192969 0.066106 0.000000 0.000000
2 0.139063 0.140325 0.000000 0.000000
2 0.125000 0.350361 0.000000 0.000000
2 0.383203 0.465144 0.000000 0.000000
2 0.123828 0.453425 0.000000 0.000000
2 0.423438 0.437500 0.000000 0.000000
2 0.432812 0.521635 0.000000 0.000000
2 0.435937 0.541767 0.000000 0.000000
2 0.109375 0.520733 0.000000 0.000000
2 0.108594 0.523438 0.000000 0.000000
2 0.108203 0.540565 0.003125 0.001803
2 0.297656 0.522236 0.000000 0.000000
2 0.314453 0.529447 0.000000 0.000000
2 0.295312 0.518630 0.000000 0.000000
2 0.351172 0.550481 0.000000 0.000000
2 0.150781 0.544171 0.000000 0.000000
2 0.371094 0.542368 0.000000 0.000000
2 0.401562 0.517127 0.000000 0.000000
2 0.403516 0.518029 0.000000 0.000000
2 0.423828 0.521935 0.000000 0.000000
2 0.440625 0.539363 0.000000 0.000000
2 0.438672 0.531550 0.000000 0.000000
2 0.440625 0.532151 0.000000 0.000000
2 0.443359 0.525240 0.000000 0.000000
2 0.385156 0.593750 0.000000 0.000000
2 0.387109 0.618690 0.000000 0.000000
2 0.392188 0.597356 0.000000 0.000000
2 0.301563 0.604267 0.000000 0.000000
2 0.066016 0.592248 0.000000 0.000000
2 0.405078 0.615084 0.000000 0.000000
2 0.396094 0.618690 0.000000 0.000000
2 0.368750 0.654147 0.000000 0.000000
2 0.407813 0.662861 0.000000 0.000000
2 0.425000 0.654147 0.000000 0.000000
2 0.425781 0.658654 0.000000 0.000000
2 0.435937 0.700721 0.000000 0.000000
2 0.417578 0.706430 0.000000 0.000000
2 0.411719 0.701623 0.000000 0.000000
2 0.408594 0.701022 0.000000 0.000000
2 0.376563 0.690204 0.000000 0.000000
2 0.341406 0.699519 0.000000 0.000000
2 0.252344 0.704627 0.000000 0.000000
2 0.328906 0.699219 0.000000 0.000000
2 0.330078 0.689303 0.000000 0.000000
2 0.365234 0.729267 0.000000 0.000000
2 0.302344 0.726863 0.000000 0.000000
2 0.365234 0.726562 0.000000 0.000000
2 0.290625 0.823918 0.000000 0.000000
