2 0.704297 0.694411 0.000000 0.000000
2 0.702344 0.697416 0.000000 0.000000
2 0.645703 0.705829 0.000000 0.000000
2 0.655078 0.685096 0.000000 0.000000
2 0.646484 0.686298 0.000000 0.000000
2 0.640625 0.682091 0.000000 0.000000
2 0.625000 0.685697 0.000000 0.000000
2 0.624219 0.691106 0.000000 0.000000
2 0.608203 0.711238 0.000000 0.000000
2 0.616016 0.691406 0.000000 0.000000
2 0.610938 0.684195 0.000000 0.000000
2 0.611328 0.681190 0.000000 0.000000
2 0.603125 0.678185 0.000000 0.000000
2 0.594922 0.697115 0.000000 0.000000
2 0.592578 0.698317 0.000000 0.000000
2 0.587500 0.697416 0.000000 0.000000
2 0.585938 0.687200 0.000000 0.000000
2 0.554297 0.689603 0.000000 0.000000
2 0.557813 0.689002 0.000000 0.000000
2 0.562891 0.702524 0.000000 0.000000
2 0.574219 0.697716 0.000000 0.000000
2 0.566797 0.683293 0.000000 0.000000
2 0.773828 0.547476 0.000000 0.000000
2 0.734375 0.559495 0.000000 0.000000
2 0.725391 0.560096 0.000000 0.000000
2 0.716016 0.572716 0.000000 0.000000
2 0.714063 0.599159 0.000000 0.000000
2 0.685156 0.585036 0.000000 0.000000
2 0.678125 0.575421 0.000000 0.000000
2 0.674219 0.577224 0.000000 0.000000
2 0.616406 0.547776 0.000000 0.000000
2 0.656250 0.551382 0.000000 0.000000
2 0.548047 0.545373 0.000000 0.000000
2 0.531641 0.539663 0.000000 0.000000
2 0.515234 0.534255 0.000000 0.000000
2 0.510938 0.532452 0.000000 0.000000
2 0.516016 0.545373 0.000000 0.000000
2 0.512109 0.548978 0.000000 0.000000
2 0.505078 0.547776 0.000000 0.000000
2 0.503906 0.551082 0.000000 0.000000
2 0.489063 0.545373 0.000000 0.000000
2 0.501172 0.546875 0.000000 0.000000
2 0.499219 0.555889 0.000000 0.000000
2 0.498047 0.559796 0.000000 0.000000
2 0.496094 0.555889 0.000000 0.000000
2 0.508594 0.563702 0.000000 0.000000
2 0.499219 0.569411 0.000000 0.000000
2 0.497266 0.571214 0.000000 0.000000
2 0.494531 0.572115 0.000000 0.000000
2 0.489844 0.576322 0.000000 0.000000
2 0.489453 0.591346 0.000000 0.000000
2 0.550000 0.571514 0.000000 0.000000
2 0.542188 0.591647 0.000000 0.000000
2 0.548047 0.561298 0.000000 0.000000
2 0.546484 0.563101 0.000000 0.000000
2 0.544531 0.565204 0.000000 0.000000
2 0.545312 0.567308 0.000000 0.000000
2 0.543750 0.569712 0.000000 0.000000
2 0.521484 0.594050 0.000000 0.000000
2 0.918359 0.581430 0.000000 0.000000
2 0.907422 0.581130 0.000000 0.000000
2 0.903516 0.583534 0.000000 0.000000
2 0.560156 0.395733 0.000000 0.000000
2 0.540625 0.399940 0.000000 0.000000
2 0.544531 0.410156 0.000000 0.000000
2 0.618750 0.399940 0.000000 0.000000
2 0.614062 0.420373 0.000000 0.000000
2 0.701953 0.421124 0.002344 0.002704
2 0.572656 0.442308 0.000000 0.000000
2 0.525391 0.450120 0.000000 0.000000
2 0.515234 0.426382 0.000000 0.000000
2 0.508203 0.447115 0.000000 0.000000
2 0.549219 0.384916 0.000000 0.000000
2 0.830469 0.394832 0.000000 0.000000
2 0.746484 0.507812 0.000000 0.000000
2 0.748047 0.506010 0.000000 0.000000
2 0.750000 0.506010 0.000000 0.000000
2 0.753516 0.507812 0.000000 0.000000
2 0.587109 0.465144 0.000000 0.000000
2 0.509766 0.478365 0.000000 0.000000
2 0.513672 0.467849 0.000000 0.000000
2 0.505469 0.526142 0.000000 0.000000
2 0.508984 0.517728 0.000000 0.000000
2 0.508984 0.515925 0.000000 0.000000
2 0.533203 0.524339 0.000000 0.000000
2 0.536719 0.525841 0.000000 0.000000
2 0.516797 0.515325 0.000000 0.000000
2 0.576953 0.526142 0.000000 0.000000
2 0.578516 0.518930 0.000000 0.000000
2 0.810937 0.468450 0.000000 0.000000
2 0.521094 0.644231 0.000000 0.000000
2 0.517188 0.669471 0.000000 0.000000
2 0.535937 0.664663 0.000000 0.000000
2 0.528125 0.657452 0.000000 0.000000
2 0.547266 0.647536 0.000000 0.000000
2 0.553125 0.654748 0.000000 0.000000
2 0.565625 0.653546 0.000000 0.000000
2 0.571875 0.643930 0.000000 0.000000
2 0.538672 0.635817 0.000000 0.000000
2 0.530469 0.670673 0.000000 0.000000
2 0.533203 0.672175 0.000000 0.000000
2 0.544531 0.674880 0.000000 0.000000
2 0.556641 0.670974 0.000000 0.000000
2 0.566016 0.670072 0.000000 0.000000
2 0.563672 0.674880 0.000000 0.000000
2 0.584766 0.652344 0.000000 0.000000
2 0.589063 0.658654 0.000000 0.000000
2 0.612109 0.675481 0.000000 0.000000
2 0.603125 0.661959 0.000000 0.000000
2 0.610156 0.645433 0.000000 0.000000
2 0.623828 0.656550 0.000000 0.000000
2 0.628516 0.662260 0.000000 0.000000
2 0.744141 0.657151 0.000000 0.000000
2 0.747266 0.661659 0.000000 0.000000
2 0.971094 0.637620 0.004687 0.004207
2 0.496094 0.618089 0.000000 0.000000
2 0.633203 0.608173 0.000000 0.000000
2 0.751953 0.751202 0.000000 0.000000
