2 0.804087 0.679236 0.000000 0.000000
2 0.817909 0.662341 0.000000 0.000000
2 0.798678 0.678991 0.000000 0.000000
2 0.770733 0.675318 0.000000 0.000000
2 0.769531 0.672870 0.000000 0.000000
2 0.771034 0.672135 0.000000 0.000000
2 0.784255 0.664789 0.000000 0.000000
2 0.789663 0.673849 0.000000 0.000000
2 0.760517 0.669931 0.000000 0.000000
2 0.758714 0.668707 0.000000 0.000000
2 0.755409 0.670421 0.000000 0.000000
2 0.754808 0.669197 0.000000 0.000000
2 0.833534 0.662096 0.000000 0.000000
2 0.742188 0.668952 0.000000 0.000000
2 0.738582 0.669197 0.000000 0.000000
2 0.710637 0.671645 0.000000 0.000000
2 0.815204 0.661117 0.000000 0.000000
2 0.953125 0.373653 0.000000 0.000000
2 0.818510 0.440744 0.000000 0.000000
2 0.915865 0.380020 0.000000 0.000000
4 0.801983 0.663443 0.200721 0.153036
2 0.780048 0.581048 0.000000 0.000000
2 0.751202 0.509794 0.000000 0.000000
2 0.701923 0.528404 0.000000 0.000000
2 0.829026 0.649853 0.000000 0.000000
