2 0.440956 0.397037 0.001502 0.001224
2 0.435998 0.514202 0.005409 0.004897
2 0.445312 0.680215 0.007812 0.006856
2 0.227013 0.457640 0.000901 0.000490
2 0.242788 0.423115 0.000000 0.000000
2 0.140775 0.423972 0.000901 0.001224
2 0.143029 0.426543 0.000000 0.000000
2 0.148287 0.429848 0.002103 0.001714
2 0.146034 0.423849 0.000000 0.000000
2 0.148287 0.432664 0.002103 0.001469
6 0.210787 0.443560 0.283954 0.163810
3 0.213341 0.445397 0.156250 0.097943
2 0.274038 0.454456 0.000000 0.000000
2 0.272837 0.459843 0.000000 0.000000
2 0.276142 0.453967 0.000000 0.000000
2 0.275841 0.447600 0.000000 0.000000
2 0.406100 0.458129 0.003305 0.002449
