2 0.169171 0.919197 0.000000 0.000000
2 0.474760 0.736778 0.000000 0.000000
2 0.103666 0.718413 0.000000 0.000000
2 0.435697 0.411851 0.003606 0.002449
2 0.175481 0.600637 0.000000 0.000000
2 0.461388 0.470250 0.006310 0.005142
2 0.488882 0.583741 0.000000 0.000000
2 0.229868 0.409892 0.000000 0.000000
-1 0.249850 0.384427 0.230469 0.152791
3 0.254657 0.382346 0.149339 0.089373
2 0.187800 0.369491 0.000000 0.000000
2 0.187200 0.366797 0.000000 0.000000
2 0.196214 0.406219 0.000000 0.000000
2 0.313401 0.340842 0.000000 0.000000
2 0.313401 0.544319 0.000000 0.000000
2 0.475361 0.698702 0.007812 0.005142
2 0.290865 0.848433 0.000000 0.000000
2 0.253906 0.902302 0.000000 0.000000
