2 0.194922 0.789663 0.000000 0.000000
2 0.375000 0.659255 0.000000 0.000000
2 0.330469 0.665264 0.000000 0.000000
2 0.192969 0.584135 0.000000 0.000000
2 0.350000 0.581731 0.000000 0.000000
2 0.266797 0.574519 0.000000 0.000000
2 0.390234 0.577224 0.000000 0.000000
2 0.322656 0.602464 0.000000 0.000000
2 0.321094 0.627404 0.000000 0.000000
2 0.224609 0.585637 0.000000 0.000000
2 0.226172 0.585938 0.000000 0.000000
2 0.203906 0.592548 0.000000 0.000000
2 0.268750 0.630409 0.000000 0.000000
2 0.287500 0.627404 0.000000 0.000000
2 0.212500 0.379207 0.000000 0.000000
2 0.235937 0.368389 0.000000 0.000000
2 0.095312 0.291316 0.001563 0.001502
2 0.093164 0.290715 0.001172 0.001502
2 0.088672 0.289663 0.003906 0.003005
2 0.095703 0.288762 0.000000 0.000000
2 0.092188 0.288762 0.000000 0.000000
2 0.033203 0.301082 0.000000 0.000000
2 0.038281 0.303185 0.000000 0.000000
2 0.021484 0.376202 0.000000 0.000000
1 0.097656 0.570763 0.179688 0.117488
2 0.364063 0.477464 0.000000 0.000000
2 0.366797 0.476863 0.000000 0.000000
2 0.086719 0.502704 0.000000 0.000000
2 0.167969 0.518329 0.000000 0.000000
2 0.168359 0.514724 0.000000 0.000000
2 0.015234 0.452524 0.000000 0.000000
2 0.102734 0.481671 0.000000 0.000000
2 0.094922 0.478966 0.000000 0.000000
2 0.156641 0.455829 0.000000 0.000000
2 0.217969 0.491587 0.000000 0.000000
2 0.307812 0.481370 0.000000 0.000000
2 0.300391 0.476863 0.000000 0.000000
2 0.172656 0.728966 0.000000 0.000000
2 0.124609 0.728966 0.000000 0.000000
2 0.358594 0.676382 0.000000 0.000000
2 0.180469 0.717548 0.000000 0.000000
