2 0.257512 0.620225 0.000000 0.000000
2 0.254357 0.619736 0.000300 0.000490
2 0.390024 0.565132 0.000000 0.000000
2 0.366887 0.567336 0.000000 0.000000
2 0.334285 0.566969 0.000901 0.000735
2 0.206130 0.582762 0.000000 0.000000
2 0.155349 0.561949 0.001202 0.001469
2 0.161809 0.562929 0.002704 0.001469
2 0.151292 0.564887 0.001502 0.000979
2 0.155048 0.567214 0.001202 0.002204
2 0.146484 0.565132 0.000901 0.001469
2 0.150992 0.568071 0.000901 0.000979
2 0.164062 0.565010 0.001202 0.001224
2 0.226562 0.581783 0.000000 0.000000
2 0.239784 0.580558 0.000000 0.000000
2 0.237079 0.572478 0.000000 0.000000
2 0.200120 0.571009 0.000000 0.000000
2 0.339694 0.571499 0.001502 0.001959
2 0.394081 0.560847 0.001502 0.001224
2 0.395433 0.565132 0.000000 0.000000
2 0.393630 0.562194 0.000000 0.000000
2 0.307091 0.554603 0.000000 0.000000
2 0.411809 0.595984 0.001502 0.000490
2 0.213041 0.598188 0.000000 0.000000
2 0.215445 0.603330 0.000601 0.000979
2 0.222356 0.601616 0.000000 0.000000
2 0.235276 0.588883 0.000000 0.000000
2 0.215445 0.591822 0.000000 0.000000
2 0.225361 0.588639 0.000000 0.000000
2 0.209135 0.591087 0.000000 0.000000
2 0.316707 0.592924 0.000601 0.000735
2 0.236478 0.603575 0.000000 0.000000
2 0.241587 0.604799 0.000000 0.000000
2 0.215745 0.609452 0.000000 0.000000
2 0.406851 0.590842 0.000601 0.000490
2 0.420823 0.592434 0.002103 0.001714
2 0.263822 0.627081 0.000000 0.000000
-1 0.227013 0.592801 0.090445 0.058766
