2 0.492969 0.494892 0.000000 0.000000
2 0.296875 0.581430 0.000000 0.000000
2 0.496094 0.438702 0.000000 0.000000
2 0.498047 0.498498 0.000000 0.000000
2 0.497266 0.475060 0.000000 0.000000
2 0.499219 0.458834 0.000000 0.000000
2 0.399219 0.527344 0.000000 0.000000
2 0.417969 0.391226 0.000000 0.000000
2 0.425781 0.454026 0.000000 0.000000
2 0.285547 0.400541 0.000000 0.000000
2 0.373828 0.505108 0.000000 0.000000
2 0.371875 0.506911 0.000000 0.000000
2 0.338672 0.501502 0.000000 0.000000
2 0.368750 0.383113 0.000000 0.000000
2 0.364063 0.387620 0.000000 0.000000
2 0.469141 0.405950 0.000000 0.000000
2 0.264844 0.622596 0.000000 0.000000
2 0.185547 0.703425 0.000000 0.000000
