3 0.256460 0.332027 0.148137 0.150343
2 0.274038 0.354799 0.000000 0.000000
2 0.274038 0.356758 0.000000 0.000000
2 0.265625 0.353575 0.000000 0.000000
2 0.268930 0.295544 0.000000 0.000000
2 0.274038 0.329334 0.001803 0.001959
2 0.276743 0.321254 0.000000 0.000000
2 0.273438 0.323947 0.000000 0.000000
2 0.264423 0.290402 0.000000 0.000000
2 0.264423 0.288198 0.000000 0.000000
2 0.266226 0.291871 0.000000 0.000000
2 0.279147 0.348188 0.000000 0.000000
2 0.276743 0.347698 0.000000 0.000000
2 0.276743 0.345739 0.000000 0.000000
2 0.273438 0.347698 0.000000 0.000000
2 0.271635 0.348188 0.000000 0.000000
2 0.277043 0.351616 0.000000 0.000000
2 0.275240 0.349657 0.000000 0.000000
2 0.272987 0.333374 0.001502 0.001224
2 0.274639 0.338639 0.003606 0.004407
2 0.270583 0.337047 0.000901 0.000735
2 0.271635 0.337904 0.000601 0.000490
2 0.279297 0.334721 0.000901 0.000490
2 0.280048 0.337537 0.001202 0.000735
2 0.268630 0.333252 0.000000 0.000000
2 0.277344 0.342556 0.000000 0.000000
2 0.268930 0.345617 0.003606 0.005142
2 0.271635 0.341699 0.003606 0.003183
2 0.274639 0.341577 0.000601 0.000490
2 0.273888 0.342556 0.000901 0.000490
2 0.275240 0.352106 0.000000 0.000000
2 0.264573 0.333252 0.000901 0.000979
2 0.265325 0.339251 0.001202 0.001714
2 0.269381 0.362267 0.001502 0.001224
2 0.274339 0.362145 0.000000 0.000000
2 0.272837 0.361655 0.000000 0.000000
2 0.233774 0.340842 0.000601 0.000979
2 0.222957 0.348433 0.000000 0.000000
2 0.230168 0.345984 0.000000 0.000000
2 0.250300 0.345127 0.001202 0.001224
2 0.256310 0.346352 0.002404 0.001714
2 0.238131 0.348066 0.000901 0.000735
2 0.237230 0.345005 0.000901 0.000979
2 0.242037 0.345862 0.000901 0.000735
2 0.231520 0.344148 0.000901 0.001224
2 0.240685 0.344025 0.003005 0.001469
2 0.236328 0.343536 0.001502 0.000490
2 0.249700 0.341210 0.000601 0.001224
2 0.235577 0.341332 0.000000 0.000000
2 0.234976 0.352595 0.003606 0.001959
2 0.221154 0.351004 0.003005 0.002204
2 0.233023 0.349412 0.000901 0.000979
2 0.246244 0.352718 0.006310 0.003673
2 0.261118 0.347209 0.000000 0.000000
2 0.263371 0.347453 0.002103 0.001469
2 0.261268 0.344270 0.000901 0.000490
2 0.259465 0.349780 0.002103 0.000735
2 0.263522 0.331660 0.000601 0.000735
2 0.259916 0.336190 0.000000 0.000000
2 0.262921 0.335455 0.000000 0.000000
2 0.262019 0.288443 0.000000 0.000000
2 0.264724 0.311827 0.002404 0.001224
2 0.260216 0.309011 0.000000 0.000000
2 0.248498 0.355167 0.001803 0.001224
2 0.218149 0.342311 0.000000 0.000000
2 0.215745 0.344270 0.000000 0.000000
2 0.247596 0.321131 0.001803 0.000735
2 0.251653 0.328722 0.002704 0.002693
2 0.243690 0.322478 0.000000 0.000000
2 0.243990 0.326885 0.000000 0.000000
2 0.246244 0.293095 0.001502 0.001469
2 0.243690 0.317091 0.000000 0.000000
2 0.245192 0.317336 0.000000 0.000000
2 0.251052 0.315255 0.001502 0.001224
2 0.251502 0.316601 0.000000 0.000000
2 0.251502 0.311949 0.000000 0.000000
2 0.251202 0.301910 0.000000 0.000000
2 0.248498 0.287708 0.000000 0.000000
2 0.247296 0.289912 0.000000 0.000000
2 0.252704 0.337414 0.003606 0.001959
2 0.223558 0.319050 0.000000 0.000000
2 0.224760 0.320519 0.000000 0.000000
2 0.227764 0.293830 0.000000 0.000000
2 0.225962 0.293585 0.000000 0.000000
2 0.223257 0.313173 0.000000 0.000000
2 0.226262 0.312684 0.000000 0.000000
2 0.228365 0.315622 0.000000 0.000000
2 0.237530 0.337414 0.002103 0.001959
2 0.242188 0.338271 0.003005 0.002204
2 0.242037 0.339740 0.000901 0.001224
2 0.233774 0.300686 0.000000 0.000000
2 0.232572 0.314153 0.000000 0.000000
2 0.241286 0.314643 0.000000 0.000000
2 0.240084 0.312684 0.000000 0.000000
2 0.240385 0.309990 0.000000 0.000000
2 0.237079 0.313173 0.000000 0.000000
2 0.238582 0.303379 0.000000 0.000000
2 0.243089 0.279873 0.000000 0.000000
2 0.242488 0.297992 0.000000 0.000000
2 0.244591 0.295544 0.002404 0.001959
2 0.239784 0.282566 0.000000 0.000000
2 0.234375 0.288932 0.000000 0.000000
2 0.240986 0.292116 0.000000 0.000000
2 0.231370 0.294564 0.000000 0.000000
2 0.238582 0.290646 0.000000 0.000000
2 0.228666 0.329946 0.001803 0.001714
2 0.235276 0.319295 0.000000 0.000000
2 0.241587 0.318071 0.000000 0.000000
2 0.229567 0.318560 0.000000 0.000000
2 0.237230 0.327008 0.001502 0.001224
2 0.234075 0.321988 0.000000 0.000000
2 0.219651 0.418952 0.000000 0.000000
2 0.307692 0.341332 0.000000 0.000000
2 0.308894 0.340842 0.000000 0.000000
2 0.299429 0.348066 0.001502 0.001224
2 0.299730 0.345984 0.001502 0.000979
2 0.303185 0.344270 0.000000 0.000000
2 0.303185 0.339618 0.000000 0.000000
2 0.304688 0.318315 0.000000 0.000000
2 0.300180 0.335945 0.000000 0.000000
2 0.298678 0.366063 0.000000 0.000000
2 0.298377 0.364594 0.000000 0.000000
2 0.292668 0.368022 0.000000 0.000000
2 0.291166 0.366797 0.000000 0.000000
2 0.289663 0.364349 0.000000 0.000000
2 0.296274 0.290646 0.000000 0.000000
2 0.295072 0.353085 0.002404 0.001469
2 0.298077 0.352106 0.000000 0.000000
2 0.293570 0.331783 0.000000 0.000000
2 0.283053 0.342311 0.000000 0.000000
2 0.286358 0.342067 0.000000 0.000000
2 0.283353 0.325416 0.000000 0.000000
2 0.284555 0.325661 0.000000 0.000000
2 0.286358 0.324682 0.000000 0.000000
2 0.281851 0.335211 0.000000 0.000000
2 0.284856 0.335455 0.000000 0.000000
2 0.287260 0.337169 0.000000 0.000000
2 0.289062 0.349657 0.000000 0.000000
2 0.280349 0.349902 0.000000 0.000000
2 0.286058 0.347698 0.000000 0.000000
2 0.281250 0.345495 0.000000 0.000000
2 0.284105 0.346719 0.001502 0.001469
2 0.295373 0.334966 0.000000 0.000000
2 0.297476 0.332517 0.000000 0.000000
2 0.297175 0.337169 0.000000 0.000000
2 0.297175 0.338639 0.000000 0.000000
2 0.290865 0.288932 0.000000 0.000000
2 0.290865 0.357860 0.001803 0.001224
2 0.296575 0.357003 0.000000 0.000000
2 0.289663 0.352840 0.000000 0.000000
