2 0.290865 0.666503 0.000000 0.000000
2 0.219050 0.443928 0.000000 0.000000
2 0.219651 0.446866 0.000000 0.000000
2 0.218149 0.445397 0.000000 0.000000
2 0.035457 0.141528 0.000000 0.000000
2 0.226863 0.457640 0.000000 0.000000
2 0.229267 0.458619 0.000000 0.000000
2 0.146635 0.481636 0.000000 0.000000
2 0.150841 0.482860 0.000000 0.000000
2 0.152344 0.485064 0.000000 0.000000
2 0.152344 0.482370 0.000000 0.000000
2 0.368389 0.514202 0.000000 0.000000
2 0.302584 0.676053 0.000000 0.000000
2 0.303786 0.675073 0.000000 0.000000
