2 0.141827 0.509549 0.000000 0.000000
2 0.163912 0.512733 0.002704 0.001469
2 0.160907 0.510774 0.001502 0.001469
2 0.155499 0.510162 0.000901 0.000735
2 0.172025 0.511019 0.003906 0.001469
2 0.129808 0.510774 0.000000 0.000000
2 0.134014 0.510039 0.000000 0.000000
2 0.137921 0.513345 0.001803 0.001224
2 0.137019 0.491920 0.000000 0.000000
2 0.138221 0.492899 0.000000 0.000000
2 0.137019 0.508815 0.000000 0.000000
2 0.137921 0.506856 0.000000 0.000000
2 0.175931 0.507958 0.003906 0.002204
2 0.170823 0.508448 0.001502 0.002204
2 0.153546 0.472943 0.003005 0.002204
2 0.153996 0.462292 0.003305 0.000979
2 0.161058 0.462782 0.000000 0.000000
2 0.158954 0.458374 0.000000 0.000000
2 0.157752 0.456415 0.000000 0.000000
2 0.155950 0.464006 0.000000 0.000000
2 0.152043 0.485309 0.000000 0.000000
2 0.150841 0.484574 0.000000 0.000000
2 0.151292 0.460088 0.003305 0.000979
2 0.154447 0.486533 0.000000 0.000000
2 0.143329 0.465965 0.000000 0.000000
2 0.141526 0.486533 0.000000 0.000000
2 0.149940 0.471229 0.001803 0.001714
2 0.164062 0.476249 0.000000 0.000000
2 0.152644 0.501959 0.000000 0.000000
2 0.157302 0.503183 0.002103 0.001469
2 0.157903 0.508937 0.000901 0.000735
2 0.154898 0.505020 0.001502 0.000735
2 0.148738 0.507591 0.000000 0.000000
2 0.165264 0.505142 0.000000 0.000000
2 0.141526 0.506121 0.000000 0.000000
2 0.130709 0.484819 0.000000 0.000000
2 0.131310 0.479922 0.000000 0.000000
2 0.127103 0.481146 0.000000 0.000000
2 0.125300 0.475269 0.000000 0.000000
3 0.165565 0.513834 0.162861 0.143732
2 0.223558 0.512977 0.000000 0.000000
2 0.227915 0.521915 0.000901 0.000735
2 0.229718 0.510162 0.001502 0.001224
2 0.224609 0.507101 0.001502 0.001469
2 0.221154 0.523262 0.000000 0.000000
2 0.220853 0.514691 0.000000 0.000000
2 0.224760 0.491675 0.000000 0.000000
2 0.204477 0.497796 0.003305 0.001469
2 0.205078 0.493389 0.003906 0.000979
2 0.201022 0.455926 0.000000 0.000000
2 0.177584 0.454456 0.000000 0.000000
2 0.188101 0.449070 0.000000 0.000000
2 0.184195 0.450294 0.000000 0.000000
2 0.186298 0.470862 0.003005 0.001469
2 0.195012 0.505999 0.000601 0.000735
2 0.204778 0.499755 0.000901 0.000490
2 0.202674 0.507835 0.002704 0.001469
2 0.197416 0.500979 0.000000 0.000000
2 0.196514 0.505264 0.000601 0.000735
2 0.198918 0.504530 0.001202 0.001224
2 0.193059 0.504775 0.001502 0.001714
2 0.189453 0.500367 0.002103 0.001714
2 0.180439 0.507468 0.000901 0.001224
2 0.182392 0.505999 0.002404 0.001714
2 0.186448 0.509427 0.004507 0.004163
2 0.177284 0.510284 0.001803 0.002449
2 0.192909 0.510162 0.007212 0.004652
2 0.190805 0.508815 0.004207 0.005387
2 0.189754 0.504897 0.000901 0.000979
2 0.218450 0.472821 0.000000 0.000000
2 0.217248 0.516405 0.000000 0.000000
2 0.218149 0.511508 0.000000 0.000000
2 0.217849 0.518609 0.000000 0.000000
2 0.214844 0.523262 0.000000 0.000000
2 0.214844 0.503183 0.000000 0.000000
2 0.215144 0.517630 0.000000 0.000000
2 0.217849 0.527669 0.000000 0.000000
2 0.216947 0.525955 0.000000 0.000000
2 0.214543 0.527179 0.000000 0.000000
2 0.216647 0.508570 0.000000 0.000000
2 0.214844 0.505632 0.000000 0.000000
2 0.121695 0.522772 0.000000 0.000000
2 0.125901 0.523996 0.000000 0.000000
2 0.123498 0.521792 0.000000 0.000000
2 0.129357 0.516405 0.000901 0.000979
2 0.137620 0.520813 0.001803 0.001959
2 0.203726 0.512733 0.000000 0.000000
2 0.186448 0.512855 0.000901 0.000735
2 0.188852 0.517752 0.003305 0.002693
2 0.179387 0.514691 0.000601 0.001469
2 0.178936 0.520078 0.001502 0.001469
2 0.173528 0.529628 0.001502 0.001469
2 0.177284 0.528526 0.001202 0.001224
2 0.184796 0.521303 0.000000 0.000000
2 0.173978 0.524363 0.001803 0.001224
2 0.170373 0.515793 0.000601 0.001224
2 0.170373 0.521792 0.000000 0.000000
2 0.170072 0.527424 0.001202 0.000979
2 0.195012 0.532811 0.001803 0.001469
2 0.191707 0.538198 0.000000 0.000000
2 0.151743 0.537708 0.000000 0.000000
2 0.189453 0.539055 0.000901 0.001224
2 0.198317 0.523996 0.000000 0.000000
2 0.201923 0.518609 0.000000 0.000000
2 0.198017 0.520568 0.000000 0.000000
2 0.211839 0.525955 0.000000 0.000000
2 0.208233 0.523996 0.000000 0.000000
2 0.200120 0.535872 0.001202 0.000735
2 0.198618 0.532811 0.003005 0.000979
2 0.196064 0.527057 0.001502 0.001224
2 0.207332 0.522282 0.000000 0.000000
2 0.208534 0.504897 0.000000 0.000000
2 0.212740 0.511263 0.000000 0.000000
2 0.211689 0.507223 0.001502 0.000735
2 0.213942 0.520323 0.000000 0.000000
2 0.212139 0.523506 0.000000 0.000000
2 0.211839 0.470617 0.000000 0.000000
2 0.145733 0.536484 0.000000 0.000000
2 0.158504 0.513834 0.002103 0.001714
2 0.147386 0.514202 0.001502 0.000979
2 0.161358 0.525220 0.000000 0.000000
2 0.153546 0.528159 0.000000 0.000000
2 0.152945 0.524976 0.000000 0.000000
2 0.150240 0.523017 0.001202 0.000979
2 0.148888 0.526200 0.002103 0.000979
2 0.157001 0.526322 0.003305 0.001714
2 0.153546 0.520078 0.000000 0.000000
2 0.149639 0.528404 0.000000 0.000000
2 0.143179 0.520078 0.000901 0.000979
2 0.159405 0.519221 0.000901 0.000735
2 0.155950 0.519099 0.000000 0.000000
2 0.159555 0.526200 0.000000 0.000000
2 0.157452 0.528159 0.000000 0.000000
2 0.164062 0.514691 0.000000 0.000000
2 0.157752 0.530485 0.001202 0.001714
2 0.155950 0.531587 0.000000 0.000000
2 0.150240 0.529628 0.000000 0.000000
2 0.151142 0.531587 0.000000 0.000000
2 0.149940 0.533301 0.000000 0.000000
2 0.144832 0.531832 0.001803 0.001469
2 0.166316 0.533790 0.002103 0.001959
2 0.164363 0.529138 0.000000 0.000000
2 0.150541 0.516161 0.000000 0.000000
