1 0.151367 0.575871 0.038672 0.029147
2 0.055859 0.493690 0.010156 0.006010
2 0.048828 0.490986 0.000000 0.000000
2 0.017578 0.416466 0.000000 0.000000
2 0.015234 0.419471 0.000000 0.000000
2 0.014063 0.422476 0.000000 0.000000
2 0.035156 0.420974 0.000000 0.000000
2 0.014844 0.406550 0.000000 0.000000
2 0.016016 0.408654 0.000000 0.000000
2 0.033594 0.416166 0.000000 0.000000
2 0.039648 0.417067 0.005078 0.001803
2 0.009766 0.426082 0.000000 0.000000
2 0.029687 0.426082 0.000000 0.000000
2 0.034766 0.424880 0.000000 0.000000
2 0.041797 0.426683 0.005469 0.004207
2 0.028320 0.453876 0.010547 0.006310
2 0.069141 0.438552 0.013281 0.006911
2 0.042578 0.431190 0.000000 0.000000
2 0.009375 0.447716 0.000000 0.000000
2 0.011328 0.458534 0.003906 0.003606
2 0.017578 0.457632 0.000000 0.000000
2 0.021484 0.456130 0.000000 0.000000
2 0.077344 0.422776 0.010937 0.006010
2 0.085156 0.396334 0.016406 0.006611
2 0.068359 0.525240 0.000000 0.000000
2 0.103906 0.507212 0.000000 0.000000
2 0.075781 0.500601 0.000000 0.000000
