2 0.039844 0.790565 0.000000 0.000000
2 0.088086 0.621394 0.002734 0.003606
2 0.081445 0.621845 0.002734 0.002103
2 0.088281 0.566106 0.000000 0.000000
2 0.098437 0.567909 0.000000 0.000000
2 0.104297 0.569111 0.000000 0.000000
2 0.101562 0.571514 0.000000 0.000000
2 0.093359 0.545072 0.000000 0.000000
2 0.200000 0.431490 0.000000 0.000000
2 0.281445 0.512470 0.001172 0.000901
2 0.104688 0.531100 0.003906 0.003305
2 0.096680 0.557392 0.001172 0.001202
2 0.100781 0.562200 0.000000 0.000000
2 0.093750 0.560096 0.000000 0.000000
2 0.088281 0.563702 0.000000 0.000000
2 0.109766 0.551382 0.000000 0.000000
2 0.108203 0.551983 0.000000 0.000000
2 0.066797 0.594050 0.002344 0.002404
3 0.071484 0.666466 0.039062 0.043269
2 0.100000 0.623498 0.000000 0.000000
2 0.068359 0.630409 0.000000 0.000000
2 0.068750 0.632212 0.000000 0.000000
2 0.067187 0.633714 0.000000 0.000000
