2 0.924579 0.800930 0.000000 0.000000
2 0.925781 0.816601 0.000000 0.000000
2 0.947716 0.824437 0.000000 0.000000
2 0.945913 0.822478 0.000000 0.000000
2 0.865084 0.840353 0.000000 0.000000
2 0.886118 0.849902 0.000000 0.000000
2 0.918269 0.854554 0.000000 0.000000
2 0.916166 0.864594 0.000000 0.000000
2 0.954627 0.866308 0.000000 0.000000
2 0.938702 0.863614 0.000000 0.000000
2 0.956430 0.880754 0.000000 0.000000
2 0.665865 0.360431 0.000000 0.000000
2 0.582933 0.545299 0.000000 0.000000
2 0.590144 0.520568 0.000000 0.000000
2 0.898438 0.507835 0.000000 0.000000
2 0.908353 0.491185 0.000000 0.000000
2 0.901743 0.255632 0.000000 0.000000
2 0.902945 0.252449 0.000000 0.000000
2 0.904748 0.256366 0.000000 0.000000
2 0.795974 0.799706 0.000000 0.000000
2 0.809796 0.779873 0.000000 0.000000
2 0.908954 0.777424 0.000000 0.000000
2 0.878606 0.656709 0.000000 0.000000
2 0.979868 0.642018 0.000000 0.000000
2 0.997596 0.842556 0.000000 0.000000
2 0.969050 0.893976 0.000000 0.000000
2 0.958534 0.880754 0.000000 0.000000
2 0.983774 0.896425 0.000000 0.000000
2 0.963341 0.879775 0.000000 0.000000
