2 0.537891 0.406250 0.000000 0.000000
2 0.532422 0.496394 0.000000 0.000000
1 0.302148 0.459585 0.123828 0.094050
2 0.067578 0.367188 0.000000 0.000000
2 0.019922 0.439002 0.000000 0.000000
2 0.394922 0.585938 0.000000 0.000000
2 0.545703 0.496995 0.000000 0.000000
2 0.263281 0.720553 0.000000 0.000000
2 0.458594 0.772987 0.006250 0.005709
2 0.444531 0.758263 0.012500 0.009315
2 0.425000 0.760817 0.007812 0.006611
2 0.398438 0.777794 0.003125 0.002103
2 0.363477 0.761719 0.007422 0.006010
2 0.286133 0.780048 0.006641 0.004808
2 0.299414 0.672326 0.004297 0.003305
2 0.291211 0.635367 0.005859 0.003906
2 0.520312 0.668119 0.003906 0.003305
2 0.492969 0.653546 0.002344 0.002404
2 0.441602 0.655198 0.003516 0.002704
2 0.379688 0.277945 0.000000 0.000000
2 0.399414 0.608624 0.008984 0.006310
2 0.338672 0.705829 0.012500 0.009615
2 0.336719 0.720853 0.003906 0.002404
2 0.484180 0.731821 0.007422 0.005709
2 0.508398 0.742488 0.003516 0.002404
2 0.509570 0.746544 0.002734 0.002103
2 0.470117 0.812800 0.002734 0.002404
2 0.453125 0.815655 0.003906 0.002103
2 0.445117 0.809645 0.005859 0.004507
2 0.420898 0.855319 0.005078 0.005709
