2 0.268359 0.887019 0.000000 0.000000
2 0.273047 0.887620 0.000000 0.000000
2 0.218359 0.871394 0.000000 0.000000
2 0.241016 0.757512 0.000000 0.000000
2 0.238281 0.754808 0.000000 0.000000
2 0.234766 0.758413 0.000000 0.000000
2 0.233984 0.756010 0.000000 0.000000
2 0.229297 0.762620 0.000000 0.000000
2 0.234766 0.751803 0.000000 0.000000
2 0.223438 0.754207 0.000000 0.000000
2 0.290234 0.584736 0.000000 0.000000
2 0.301953 0.599760 0.000000 0.000000
2 0.262500 0.579627 0.000000 0.000000
2 0.267188 0.571815 0.000000 0.000000
2 0.269727 0.567758 0.002734 0.004507
2 0.295312 0.570613 0.000000 0.000000
2 0.298828 0.569411 0.000000 0.000000
2 0.306641 0.565204 0.000000 0.000000
2 0.183203 0.563401 0.000000 0.000000
2 0.183203 0.561599 0.000000 0.000000
2 0.358203 0.518630 0.000000 0.000000
2 0.368750 0.484976 0.000000 0.000000
2 0.160938 0.555288 0.000000 0.000000
2 0.280078 0.534856 0.000000 0.000000
2 0.194922 0.557392 0.000000 0.000000
2 0.208984 0.554688 0.000000 0.000000
2 0.208203 0.560998 0.000000 0.000000
2 0.279297 0.554988 0.000000 0.000000
2 0.310937 0.553786 0.000000 0.000000
2 0.307422 0.555889 0.000000 0.000000
2 0.310156 0.557091 0.000000 0.000000
2 0.275391 0.611478 0.000000 0.000000
2 0.237891 0.646034 0.000000 0.000000
2 0.245703 0.648438 0.000000 0.000000
2 0.254688 0.644231 0.000000 0.000000
2 0.220703 0.626502 0.000000 0.000000
2 0.305469 0.605168 0.000000 0.000000
2 0.308203 0.605168 0.000000 0.000000
2 0.212891 0.439002 0.000000 0.000000
2 0.208594 0.454026 0.000000 0.000000
2 0.055469 0.445913 0.000000 0.000000
2 0.176953 0.438401 0.000000 0.000000
2 0.206250 0.433594 0.000000 0.000000
2 0.209375 0.436899 0.000000 0.000000
2 0.237500 0.437800 0.000000 0.000000
2 0.237500 0.433894 0.000000 0.000000
2 0.243359 0.431490 0.000000 0.000000
2 0.242578 0.435998 0.000000 0.000000
2 0.132812 0.359675 0.000000 0.000000
2 0.137891 0.363582 0.000000 0.000000
2 0.123438 0.367488 0.000000 0.000000
2 0.116797 0.358173 0.000000 0.000000
2 0.098828 0.371995 0.000000 0.000000
2 0.071875 0.346454 0.000000 0.000000
2 0.244141 0.526142 0.000000 0.000000
2 0.242188 0.526142 0.000000 0.000000
2 0.290234 0.467849 0.000000 0.000000
2 0.289062 0.464243 0.000000 0.000000
2 0.314453 0.512921 0.000000 0.000000
2 0.105469 0.527945 0.000000 0.000000
2 0.144141 0.498197 0.000000 0.000000
2 0.162891 0.496394 0.000000 0.000000
2 0.159375 0.496995 0.000000 0.000000
2 0.155078 0.496995 0.000000 0.000000
2 0.163281 0.487079 0.000000 0.000000
2 0.167969 0.502704 0.000000 0.000000
2 0.109766 0.518630 0.000000 0.000000
2 0.117969 0.494291 0.000000 0.000000
2 0.116406 0.496995 0.000000 0.000000
2 0.115625 0.498197 0.000000 0.000000
2 0.119922 0.496394 0.000000 0.000000
2 0.257422 0.508714 0.000000 0.000000
2 0.254297 0.670673 0.000000 0.000000
2 0.328516 0.661358 0.000000 0.000000
2 0.349219 0.682392 0.000000 0.000000
2 0.358984 0.682392 0.000000 0.000000
2 0.257812 0.649038 0.000000 0.000000
2 0.238672 0.660457 0.000000 0.000000
2 0.237109 0.660757 0.000000 0.000000
2 0.240234 0.649639 0.000000 0.000000
2 0.235547 0.650541 0.000000 0.000000
2 0.261719 0.654748 0.000000 0.000000
2 0.258984 0.669171 0.000000 0.000000
2 0.373437 0.667368 0.000000 0.000000
2 0.341797 0.673978 0.000000 0.000000
2 0.256250 0.703425 0.000000 0.000000
2 0.199219 0.798377 0.000000 0.000000
