2 0.819336 0.868089 0.002734 0.001202
2 0.768359 0.719201 0.007031 0.006911
2 0.662891 0.727314 0.010156 0.006911
2 0.653711 0.741436 0.008203 0.007512
2 0.648047 0.740084 0.008594 0.007212
2 0.550977 0.715144 0.006641 0.004207
2 0.551367 0.710637 0.007422 0.004808
2 0.531445 0.722656 0.003516 0.002404
2 0.499805 0.740234 0.008984 0.006911
2 0.504297 0.736328 0.008594 0.006310
2 0.474023 0.710036 0.005078 0.004207
2 0.478906 0.707482 0.007812 0.005709
2 0.617383 0.718900 0.008984 0.009315
2 0.705664 0.724910 0.004297 0.003305
2 0.684766 0.753305 0.002344 0.002404
2 0.467969 0.776142 0.008594 0.006010
2 0.551172 0.782001 0.001563 0.001502
2 0.635742 0.782452 0.007422 0.005409
2 0.648242 0.782151 0.006641 0.003606
2 0.675586 0.786208 0.010547 0.009315
2 0.808398 0.783654 0.008203 0.004808
2 0.772070 0.614934 0.005078 0.003906
2 0.776953 0.616136 0.007812 0.006310
2 0.404883 0.612380 0.009766 0.008413
2 0.497461 0.605469 0.009766 0.007212
2 0.558984 0.612831 0.009375 0.006911
2 0.557617 0.622296 0.008984 0.005409
2 0.800586 0.596905 0.012109 0.008113
2 0.659180 0.611328 0.008203 0.005709
2 0.698828 0.599459 0.000000 0.000000
2 0.509961 0.525841 0.005859 0.004207
2 0.361914 0.529898 0.007422 0.005709
2 0.613281 0.535607 0.032031 0.026743
2 0.639648 0.521635 0.009766 0.007212
2 0.643945 0.516977 0.010547 0.005709
2 0.467773 0.518029 0.007422 0.005409
2 0.509570 0.519381 0.019922 0.011118
2 0.746289 0.523438 0.005078 0.004207
2 0.615625 0.512620 0.000000 0.000000
2 0.430469 0.486478 0.019531 0.013221
2 0.476172 0.487831 0.015625 0.009315
2 0.581641 0.501953 0.010156 0.012320
2 0.498828 0.502704 0.007031 0.006010
2 0.556445 0.502254 0.003516 0.004507
2 0.515820 0.441556 0.008984 0.006310
2 0.694141 0.423077 0.000000 0.000000
2 0.632812 0.243089 0.000000 0.000000
2 0.479297 0.325120 0.000000 0.000000
2 0.624609 0.296875 0.000000 0.000000
2 0.725977 0.344501 0.004297 0.003305
2 0.654883 0.396184 0.002734 0.003305
2 0.506641 0.462290 0.004687 0.004507
2 0.490430 0.484525 0.015234 0.012921
2 0.422656 0.471605 0.007031 0.005709
2 0.654297 0.500300 0.000000 0.000000
2 0.765430 0.512620 0.008203 0.007212
2 0.413867 0.512770 0.010547 0.008113
2 0.422461 0.513522 0.005078 0.005409
2 0.750977 0.549279 0.004297 0.001803
2 0.542773 0.579327 0.012109 0.008413
2 0.500000 0.580679 0.003906 0.003305
2 0.408008 0.586088 0.007422 0.005709
2 0.711719 0.549129 0.005469 0.005709
2 0.700586 0.543119 0.011328 0.006911
2 0.581055 0.561599 0.010547 0.007812
2 0.800781 0.636719 0.000000 0.000000
2 0.767969 0.659555 0.000000 0.000000
2 0.739844 0.653546 0.000000 0.000000
2 0.749219 0.655048 0.000000 0.000000
2 0.754297 0.642428 0.000000 0.000000
2 0.768359 0.655349 0.000000 0.000000
2 0.823047 0.646034 0.000000 0.000000
2 0.351172 0.642578 0.004687 0.004507
2 0.937695 0.699820 0.003516 0.003005
2 0.621680 0.687500 0.003516 0.003005
2 0.527539 0.661058 0.007422 0.006611
2 0.452734 0.694111 0.000781 0.001202
2 0.464453 0.698618 0.003125 0.004207
2 0.502930 0.691556 0.019141 0.011719
2 0.792773 0.676232 0.004297 0.003305
2 0.632617 0.643329 0.012109 0.007812
2 0.605859 0.647987 0.021094 0.015925
2 0.558789 0.628606 0.008203 0.005409
2 0.519531 0.637921 0.011719 0.009014
2 0.776367 0.701172 0.009766 0.005709
2 0.814648 0.865986 0.005078 0.004207
2 0.819531 0.864483 0.007031 0.004808
2 0.674023 0.789964 0.006641 0.005409
2 0.689258 0.804838 0.008203 0.005709
2 0.691992 0.807993 0.005078 0.004207
2 0.674219 0.803035 0.011719 0.007512
2 0.679688 0.813702 0.006250 0.004207
2 0.687305 0.811148 0.005859 0.005108
2 0.631445 0.788912 0.008203 0.003305
2 0.622656 0.867638 0.009375 0.006310
2 0.528711 0.836538 0.008203 0.006611
2 0.589258 0.820012 0.008203 0.002404
2 0.617188 0.903846 0.000000 0.000000
