2 0.260547 0.715445 0.000000 0.000000
2 0.280469 0.704928 0.000000 0.000000
2 0.279687 0.679988 0.000000 0.000000
2 0.301563 0.594351 0.000000 0.000000
2 0.305469 0.627704 0.000000 0.000000
2 0.149219 0.631911 0.000000 0.000000
2 0.313672 0.452524 0.000000 0.000000
2 0.232422 0.374099 0.000000 0.000000
2 0.229687 0.369591 0.000000 0.000000
2 0.244531 0.549880 0.000000 0.000000
2 0.246094 0.544471 0.000000 0.000000
2 0.252734 0.498798 0.000000 0.000000
2 0.207031 0.444411 0.000000 0.000000
2 0.207813 0.448017 0.000000 0.000000
2 0.208594 0.499099 0.000000 0.000000
2 0.236719 0.481971 0.000000 0.000000
2 0.208594 0.512620 0.000000 0.000000
2 0.205859 0.540865 0.000000 0.000000
2 0.246094 0.540865 0.000000 0.000000
2 0.250391 0.542067 0.000000 0.000000
2 0.248438 0.549279 0.000000 0.000000
2 0.185156 0.566707 0.000000 0.000000
2 0.222266 0.449219 0.000000 0.000000
2 0.228906 0.386418 0.000000 0.000000
2 0.050000 0.348858 0.000000 0.000000
2 0.048438 0.346755 0.000000 0.000000
2 0.046094 0.343149 0.000000 0.000000
2 0.010156 0.329026 0.000000 0.000000
2 0.029687 0.437200 0.000000 0.000000
2 0.055469 0.345252 0.000000 0.000000
2 0.183203 0.440805 0.000000 0.000000
2 0.183203 0.510216 0.000000 0.000000
2 0.200000 0.505709 0.000000 0.000000
2 0.154297 0.344050 0.000000 0.000000
2 0.141797 0.548077 0.000000 0.000000
2 0.082812 0.551082 0.000000 0.000000
2 0.086328 0.550180 0.000000 0.000000
2 0.256641 0.530048 0.000000 0.000000
2 0.262109 0.527043 0.000000 0.000000
2 0.264844 0.533654 0.000000 0.000000
2 0.270703 0.376502 0.000000 0.000000
2 0.235156 0.593149 0.000000 0.000000
2 0.367188 0.576022 0.000000 0.000000
2 0.336328 0.607272 0.000000 0.000000
2 0.271094 0.640325 0.000000 0.000000
2 0.272656 0.637019 0.000000 0.000000
2 0.280078 0.648738 0.000000 0.000000
2 0.410547 0.486178 0.000000 0.000000
2 0.402344 0.473558 0.000000 0.000000
2 0.400000 0.474760 0.000000 0.000000
2 0.289844 0.691406 0.000000 0.000000
2 0.016797 0.735276 0.000000 0.000000
