2 0.675000 0.726262 0.000000 0.000000
2 0.673828 0.722957 0.000000 0.000000
2 0.673047 0.725962 0.000000 0.000000
2 0.813672 0.733173 0.000000 0.000000
2 0.786328 0.719651 0.000000 0.000000
2 0.767969 0.828125 0.000000 0.000000
2 0.763281 0.830228 0.000000 0.000000
2 0.781641 0.430889 0.000000 0.000000
2 0.780469 0.436599 0.000000 0.000000
2 0.778906 0.434195 0.000000 0.000000
2 0.752344 0.485276 0.000000 0.000000
2 0.785937 0.485276 0.000000 0.000000
2 0.749219 0.488882 0.000000 0.000000
2 0.776953 0.514123 0.000000 0.000000
2 0.751172 0.504207 0.000000 0.000000
2 0.747266 0.487981 0.000000 0.000000
2 0.804688 0.610276 0.000000 0.000000
2 0.797266 0.610577 0.000000 0.000000
2 0.699609 0.604868 0.000000 0.000000
2 0.735156 0.580228 0.000000 0.000000
2 0.795703 0.585637 0.000000 0.000000
2 0.595703 0.605168 0.000000 0.000000
2 0.599219 0.603365 0.000000 0.000000
2 0.593750 0.603666 0.000000 0.000000
2 0.538281 0.610577 0.000000 0.000000
2 0.528516 0.610877 0.000000 0.000000
2 0.540039 0.602464 0.001953 0.003606
2 0.534375 0.602163 0.000000 0.000000
2 0.536719 0.607873 0.000000 0.000000
2 0.533594 0.606671 0.000000 0.000000
2 0.530469 0.604267 0.000000 0.000000
2 0.528516 0.605469 0.000000 0.000000
2 0.526953 0.604267 0.000000 0.000000
2 0.525391 0.597656 0.000000 0.000000
2 0.530469 0.596454 0.000000 0.000000
2 0.613281 0.563401 0.000000 0.000000
2 0.541016 0.475361 0.000000 0.000000
2 0.578125 0.460036 0.000000 0.000000
2 0.644531 0.457031 0.003906 0.002404
2 0.682031 0.491286 0.000000 0.000000
2 0.731250 0.459435 0.000000 0.000000
2 0.723047 0.458233 0.000000 0.000000
2 0.670703 0.408654 0.000000 0.000000
2 0.657031 0.415865 0.000000 0.000000
2 0.637891 0.417067 0.000000 0.000000
2 0.658594 0.404748 0.000000 0.000000
2 0.612891 0.419772 0.000000 0.000000
2 0.625391 0.459135 0.000000 0.000000
2 0.603125 0.446214 0.000000 0.000000
2 0.666797 0.500300 0.000000 0.000000
2 0.665625 0.498798 0.000000 0.000000
2 0.664062 0.499399 0.000000 0.000000
2 0.650781 0.487380 0.000000 0.000000
2 0.635938 0.527644 0.000000 0.000000
2 0.576953 0.517428 0.000000 0.000000
2 0.585547 0.510216 0.000000 0.000000
2 0.583984 0.512620 0.000000 0.000000
2 0.582031 0.513822 0.000000 0.000000
2 0.736328 0.498498 0.000000 0.000000
2 0.685547 0.486779 0.000000 0.000000
2 0.678125 0.486478 0.000000 0.000000
2 0.683984 0.469952 0.000000 0.000000
2 0.696094 0.644832 0.000000 0.000000
2 0.666406 0.629207 0.000000 0.000000
2 0.865234 0.541767 0.000000 0.000000
2 0.849219 0.707332 0.000000 0.000000
2 0.757812 0.696514 0.000000 0.000000
2 0.771484 0.689904 0.000000 0.000000
2 0.772266 0.691106 0.000000 0.000000
2 0.798828 0.691406 0.000000 0.000000
2 0.752344 0.700421 0.000000 0.000000
2 0.753516 0.704327 0.000000 0.000000
2 0.552734 0.630108 0.000000 0.000000
2 0.552344 0.628305 0.000000 0.000000
2 0.555469 0.627704 0.000000 0.000000
2 0.554688 0.640625 0.003125 0.001803
2 0.539453 0.659856 0.000000 0.000000
2 0.538672 0.666166 0.000000 0.000000
2 0.539844 0.662861 0.000000 0.000000
2 0.558984 0.638221 0.000000 0.000000
2 0.556250 0.701022 0.000000 0.000000
2 0.619531 0.714543 0.000000 0.000000
2 0.708984 0.697416 0.000000 0.000000
2 0.636719 0.655950 0.000000 0.000000
2 0.637109 0.661058 0.000000 0.000000
2 0.640625 0.658654 0.000000 0.000000
2 0.640625 0.660457 0.000000 0.000000
2 0.643750 0.655048 0.000000 0.000000
2 0.645703 0.664363 0.000000 0.000000
2 0.716797 0.631010 0.000000 0.000000
2 0.722266 0.631611 0.000000 0.000000
2 0.723047 0.634916 0.000000 0.000000
2 0.715234 0.643029 0.000000 0.000000
2 0.720703 0.642127 0.000000 0.000000
2 0.717578 0.640625 0.000000 0.000000
2 0.722656 0.647236 0.000000 0.000000
2 0.768359 0.669772 0.000000 0.000000
2 0.807813 0.588942 0.000000 0.000000
2 0.833203 0.567909 0.000000 0.000000
2 0.821484 0.648137 0.000000 0.000000
2 0.858984 0.640325 0.000000 0.000000
2 0.812891 0.652043 0.000000 0.000000
2 0.817578 0.435397 0.000000 0.000000
2 0.821094 0.437800 0.000000 0.000000
2 0.854297 0.404748 0.000000 0.000000
2 0.854688 0.401743 0.000000 0.000000
2 0.698828 0.861178 0.000000 0.000000
