2 0.212440 0.781342 0.000000 0.000000
2 0.300781 0.772037 0.000000 0.000000
2 0.375300 0.726983 0.000000 0.000000
2 0.408654 0.707150 0.000000 0.000000
2 0.404748 0.695642 0.000000 0.000000
2 0.497596 0.526200 0.000000 0.000000
2 0.456731 0.594270 0.000000 0.000000
2 0.408654 0.412341 0.000000 0.000000
2 0.409856 0.542116 0.000000 0.000000
2 0.397686 0.568193 0.002103 0.002204
2 0.308894 0.571499 0.000000 0.000000
2 0.387320 0.476004 0.000000 0.000000
2 0.341346 0.470372 0.001803 0.002449
2 0.237079 0.417728 0.000000 0.000000
2 0.290565 0.408178 0.000000 0.000000
2 0.264724 0.411361 0.009615 0.003918
2 0.244591 0.222086 0.000000 0.000000
2 0.036358 0.468658 0.000000 0.000000
2 0.202524 0.461312 0.000000 0.000000
2 0.343450 0.403404 0.010216 0.008080
2 0.326623 0.385896 0.000000 0.000000
2 0.374700 0.205436 0.000000 0.000000
2 0.415565 0.452742 0.000000 0.000000
2 0.449970 0.538443 0.004507 0.003918
2 0.478365 0.527179 0.000000 0.000000
2 0.507812 0.474045 0.000000 0.000000
2 0.224159 0.720862 0.000000 0.000000
2 0.251803 0.722331 0.000000 0.000000
