2 0.292969 0.853365 0.000000 0.000000
2 0.375000 0.804087 0.000000 0.000000
2 0.360547 0.831430 0.000000 0.000000
2 0.437500 0.429988 0.000000 0.000000
2 0.467578 0.651142 0.000000 0.000000
2 0.166016 0.620192 0.000000 0.000000
2 0.225781 0.614483 0.000000 0.000000
2 0.067578 0.653546 0.000000 0.000000
2 0.441406 0.527043 0.000000 0.000000
2 0.449609 0.547776 0.000000 0.000000
2 0.452344 0.547476 0.000000 0.000000
2 0.206445 0.574669 0.003516 0.002103
2 0.209766 0.573618 0.003125 0.001803
2 0.196875 0.571214 0.000000 0.000000
2 0.232617 0.580078 0.004297 0.002704
2 0.266797 0.574369 0.002344 0.000901
2 0.289453 0.569561 0.006250 0.005108
2 0.270117 0.577825 0.007422 0.005409
2 0.292969 0.592398 0.006250 0.004507
2 0.300000 0.608624 0.002344 0.003305
2 0.320703 0.631911 0.008594 0.006611
2 0.327148 0.637169 0.009766 0.008714
2 0.317188 0.636719 0.010937 0.009014
2 0.329297 0.656100 0.001563 0.001502
2 0.367188 0.647837 0.000000 0.000000
2 0.344922 0.670072 0.000000 0.000000
2 0.285156 0.676683 0.010937 0.009615
2 0.261523 0.674730 0.003516 0.004507
2 0.267383 0.670523 0.010547 0.009916
2 0.242773 0.653996 0.006641 0.005709
2 0.286328 0.653846 0.003125 0.002404
2 0.163281 0.635066 0.006250 0.003906
2 0.491406 0.675331 0.003125 0.003906
2 0.404102 0.609075 0.002734 0.003606
2 0.456641 0.620343 0.003906 0.003305
2 0.514062 0.601262 0.004687 0.003606
2 0.475391 0.608323 0.016406 0.014724
2 0.399805 0.576322 0.001172 0.001202
2 0.336719 0.573017 0.000000 0.000000
2 0.435547 0.540715 0.003906 0.003906
2 0.434766 0.568510 0.028125 0.022236
2 0.419922 0.572867 0.015625 0.011118
2 0.292578 0.390475 0.100781 0.072416
2 0.245898 0.406851 0.005078 0.004207
2 0.209570 0.404147 0.002734 0.003005
2 0.207813 0.399940 0.000000 0.000000
2 0.150391 0.402194 0.005469 0.004507
2 0.125977 0.356671 0.023047 0.009615
2 0.105859 0.377855 0.001563 0.001502
2 0.173047 0.332933 0.004687 0.003606
2 0.172656 0.335938 0.000000 0.000000
2 0.180273 0.318510 0.005859 0.001803
2 0.259180 0.292368 0.009766 0.005409
2 0.237500 0.253606 0.004687 0.003606
2 0.177344 0.275240 0.006250 0.004808
2 0.226562 0.296424 0.007812 0.005709
2 0.028906 0.305288 0.000000 0.000000
2 0.252734 0.345853 0.000000 0.000000
2 0.057813 0.339844 0.000000 0.000000
2 0.055078 0.339844 0.000000 0.000000
2 0.059766 0.358774 0.000000 0.000000
2 0.098437 0.344952 0.000000 0.000000
2 0.161328 0.395132 0.000000 0.000000
2 0.227539 0.280198 0.004297 0.003305
2 0.054688 0.145132 0.000000 0.000000
2 0.124219 0.225962 0.000000 0.000000
2 0.106641 0.269231 0.000000 0.000000
2 0.082422 0.284555 0.000000 0.000000
2 0.062109 0.246244 0.009375 0.006310
2 0.353906 0.555589 0.000000 0.000000
2 0.367188 0.528546 0.000000 0.000000
2 0.325781 0.522536 0.000000 0.000000
2 0.328516 0.541166 0.000000 0.000000
2 0.202148 0.528846 0.005078 0.004207
2 0.175391 0.551382 0.002344 0.002404
2 0.131641 0.496995 0.000000 0.000000
2 0.188281 0.414663 0.000000 0.000000
2 0.412891 0.435998 0.000000 0.000000
2 0.269922 0.467548 0.000000 0.000000
2 0.243750 0.448017 0.000000 0.000000
2 0.378125 0.414062 0.000000 0.000000
2 0.412500 0.443209 0.000000 0.000000
2 0.359766 0.443510 0.000000 0.000000
2 0.337109 0.342248 0.000000 0.000000
2 0.064062 0.458083 0.003125 0.002704
2 0.390430 0.524489 0.010547 0.010517
2 0.321680 0.459285 0.087109 0.098257
2 0.371289 0.497596 0.003516 0.002404
2 0.339062 0.519531 0.004687 0.004808
2 0.246484 0.482272 0.117188 0.072115
2 0.314844 0.512470 0.007812 0.003906
2 0.289453 0.487530 0.001563 0.001502
2 0.285156 0.503756 0.002344 0.001502
2 0.288477 0.481220 0.004297 0.002704
2 0.270508 0.479868 0.014453 0.007212
2 0.161719 0.460036 0.013281 0.009615
2 0.264844 0.297776 0.000000 0.000000
2 0.225195 0.421424 0.009766 0.007512
2 0.236719 0.418269 0.003906 0.003606
2 0.311914 0.334886 0.042578 0.038762
2 0.286719 0.351562 0.019531 0.003005
2 0.327539 0.378305 0.016797 0.014423
2 0.260742 0.452073 0.025391 0.031550
2 0.242969 0.441406 0.007031 0.006010
2 0.381836 0.739784 0.008984 0.007812
2 0.299414 0.734525 0.007422 0.005108
2 0.302930 0.740234 0.005078 0.002704
2 0.298828 0.769381 0.007031 0.006310
2 0.256055 0.768780 0.007422 0.004507
2 0.373047 0.779447 0.000000 0.000000
2 0.149414 0.753305 0.008203 0.006611
2 0.302930 0.697566 0.005078 0.004507
2 0.126172 0.759014 0.000000 0.000000
