2 0.461133 0.630258 0.002734 0.002103
2 0.791406 0.606671 0.000000 0.000000
2 0.903125 0.497897 0.000000 0.000000
2 0.825977 0.443810 0.002734 0.001202
2 0.828711 0.439603 0.002734 0.001803
2 0.844531 0.422927 0.000781 0.000901
2 0.868359 0.425331 0.000781 0.000901
2 0.831445 0.438101 0.001172 0.000601
2 0.803320 0.439603 0.001172 0.001202
2 0.813477 0.458233 0.001953 0.002404
2 0.837305 0.438702 0.002734 0.001803
2 0.811719 0.426082 0.000781 0.000601
2 0.826367 0.421274 0.002734 0.001803
2 0.827344 0.431490 0.002344 0.001803
2 0.825195 0.429688 0.001172 0.001202
2 0.812305 0.412109 0.002734 0.001502
2 0.811133 0.417518 0.002734 0.002103
2 0.813477 0.408053 0.001172 0.000601
2 0.820508 0.419471 0.000391 0.001202
2 0.843555 0.404748 0.003516 0.002404
2 0.836523 0.424730 0.005859 0.004507
2 0.841406 0.430889 0.001563 0.001202
2 0.837891 0.433444 0.004687 0.003906
2 0.799609 0.437500 0.000000 0.000000
2 0.820703 0.393179 0.003125 0.002704
2 0.807617 0.398888 0.012109 0.008714
2 0.805078 0.363281 0.000781 0.000601
2 0.829492 0.361328 0.004297 0.002704
2 0.807813 0.366737 0.002344 0.000901
2 0.805273 0.324970 0.000391 0.000300
2 0.808789 0.324519 0.001172 0.000601
2 0.815039 0.317157 0.003516 0.002704
2 0.816602 0.320312 0.001953 0.001202
2 0.817969 0.313852 0.001563 0.000901
2 0.816602 0.352915 0.001953 0.001502
2 0.854102 0.368239 0.002734 0.000901
2 0.840625 0.345102 0.002344 0.002103
2 0.802734 0.291917 0.001563 0.002103
2 0.800000 0.136418 0.000000 0.000000
2 0.827344 0.114032 0.001563 0.001502
2 0.709766 0.547776 0.000000 0.000000
2 0.707812 0.488281 0.000000 0.000000
2 0.806836 0.390925 0.002734 0.003606
2 0.818750 0.407151 0.000000 0.000000
2 0.833984 0.420673 0.000000 0.000000
2 0.824219 0.387019 0.000000 0.000000
2 0.814453 0.383413 0.000000 0.000000
2 0.809961 0.392278 0.001953 0.000901
2 0.807422 0.385066 0.001563 0.000901
2 0.817187 0.381911 0.001563 0.000601
2 0.810742 0.384615 0.001172 0.000601
2 0.715625 0.346004 0.001563 0.000901
2 0.716406 0.316556 0.000781 0.000300
2 0.660352 0.331130 0.001172 0.001803
2 0.633398 0.321665 0.001172 0.000901
2 0.597656 0.253305 0.002344 0.001202
2 0.570898 0.250000 0.001953 0.001202
2 0.693359 0.224760 0.000000 0.000000
2 0.687891 0.196815 0.004687 0.003606
2 0.684375 0.145132 0.000000 0.000000
2 0.719531 0.166767 0.000000 0.000000
2 0.600000 0.207031 0.000000 0.000000
2 0.755469 0.369591 0.000000 0.000000
2 0.747656 0.376502 0.000000 0.000000
2 0.786133 0.363732 0.001953 0.001502
2 0.768750 0.371544 0.002344 0.001502
2 0.774219 0.381460 0.003125 0.005108
2 0.799414 0.391226 0.001953 0.001202
2 0.751172 0.378906 0.000000 0.000000
2 0.789453 0.400841 0.005469 0.001803
2 0.796484 0.373498 0.001563 0.001202
2 0.798047 0.375901 0.002344 0.001803
2 0.778906 0.371845 0.003125 0.001502
2 0.782422 0.370643 0.001563 0.001502
2 0.798438 0.105168 0.000000 0.000000
2 0.655469 0.363582 0.005469 0.003606
2 0.748437 0.287710 0.003125 0.002704
2 0.738281 0.281550 0.001563 0.001202
2 0.748047 0.291466 0.001563 0.001202
2 0.767188 0.298077 0.001563 0.001202
2 0.768555 0.294772 0.001172 0.000601
2 0.770117 0.296725 0.001953 0.001502
2 0.772656 0.297025 0.002344 0.001502
2 0.789258 0.338642 0.008203 0.004808
2 0.798047 0.312951 0.001563 0.000901
2 0.786914 0.315805 0.001953 0.001202
2 0.789453 0.315054 0.000781 0.000901
2 0.791406 0.317308 0.003906 0.003606
2 0.789258 0.319712 0.001172 0.000601
2 0.783398 0.312650 0.001172 0.000901
2 0.779883 0.317608 0.001953 0.001202
2 0.779687 0.311448 0.001563 0.001502
2 0.758594 0.313702 0.000781 0.000601
2 0.759766 0.323918 0.003906 0.003005
2 0.764648 0.316106 0.001953 0.001803
2 0.777148 0.337139 0.001172 0.001202
2 0.772461 0.334135 0.001953 0.001202
2 0.759570 0.333834 0.004297 0.003005
2 0.754883 0.347206 0.001172 0.000901
2 0.722070 0.347506 0.001172 0.000901
2 0.767773 0.341947 0.001172 0.001202
2 0.754687 0.344050 0.001563 0.001202
2 0.729883 0.360577 0.002734 0.001803
2 0.753711 0.359675 0.001953 0.001803
2 0.731445 0.349159 0.001172 0.001202
2 0.726367 0.348257 0.001953 0.001202
2 0.746680 0.354567 0.001953 0.001202
2 0.734180 0.351863 0.002734 0.001803
2 0.713281 0.353215 0.000781 0.000300
2 0.729297 0.351262 0.002344 0.001202
2 0.726172 0.350511 0.001563 0.000901
2 0.725781 0.354117 0.001563 0.000901
2 0.713477 0.355919 0.001953 0.001502
2 0.799023 0.360427 0.001172 0.000901
2 0.796680 0.357422 0.001953 0.001502
2 0.795312 0.363281 0.003125 0.002404
2 0.777734 0.353215 0.002344 0.001502
2 0.774609 0.365234 0.001563 0.000901
2 0.775781 0.368089 0.010156 0.006611
2 0.779883 0.398588 0.007422 0.005108
2 0.766992 0.384916 0.012109 0.013822
2 0.768945 0.395282 0.005078 0.003906
2 0.773633 0.394982 0.001172 0.000901
2 0.763477 0.417819 0.001953 0.001502
2 0.761719 0.414513 0.003125 0.001502
2 0.734766 0.575421 0.000000 0.000000
2 0.590625 0.569411 0.000000 0.000000
2 0.593555 0.575270 0.001953 0.001502
2 0.591211 0.573618 0.001172 0.001202
