2 0.742188 0.490451 0.000000 0.000000
2 0.786959 0.598188 0.000000 0.000000
2 0.786358 0.599657 0.000000 0.000000
2 0.664062 0.536974 0.000000 0.000000
2 0.609976 0.555093 0.000000 0.000000
2 0.805589 0.614104 0.000000 0.000000
2 0.650541 0.743389 0.000000 0.000000
2 0.816707 0.655240 0.000000 0.000000
2 0.799579 0.586925 0.000000 0.000000
2 0.823918 0.582517 0.000000 0.000000
2 0.819411 0.601616 0.000000 0.000000
2 0.858173 0.598678 0.000000 0.000000
2 0.832632 0.533301 0.000000 0.000000
2 0.831731 0.535504 0.000000 0.000000
2 0.818209 0.518609 0.000000 0.000000
2 0.818810 0.520568 0.000000 0.000000
2 0.807993 0.510039 0.000000 0.000000
2 0.831430 0.399119 0.002404 0.002449
