2 0.869892 0.205191 0.000000 0.000000
2 0.894081 0.470862 0.001502 0.000979
2 0.905349 0.472698 0.001202 0.000735
2 0.907602 0.472821 0.002103 0.001959
2 0.916466 0.473433 0.004808 0.003673
2 0.910006 0.480044 0.002103 0.002204
2 0.887770 0.482370 0.001502 0.001959
2 0.894231 0.488981 0.001202 0.000979
2 0.908353 0.486410 0.002404 0.001714
2 0.900541 0.497796 0.001803 0.001959
2 0.887169 0.382835 0.003305 0.002693
2 0.882963 0.384305 0.001502 0.001224
2 0.890625 0.376347 0.001803 0.001469
2 0.888522 0.379163 0.003606 0.002693
2 0.913762 0.400955 0.002404 0.002204
2 0.885667 0.393119 0.000901 0.000735
2 0.876502 0.374633 0.001803 0.001959
2 0.865385 0.376836 0.001202 0.000979
2 0.867638 0.376469 0.000901 0.000735
2 0.869141 0.378550 0.003305 0.004407
2 0.873948 0.357982 0.001502 0.001959
2 0.912260 0.530607 0.000000 0.000000
2 0.903395 0.464496 0.002103 0.001469
2 0.899940 0.463761 0.000601 0.000979
2 0.891376 0.464006 0.002103 0.001959
2 0.919922 0.461925 0.000901 0.000735
2 0.914213 0.465353 0.005108 0.004163
2 0.926082 0.420054 0.001803 0.000735
2 0.892728 0.408668 0.001202 0.000979
2 0.878906 0.453110 0.004207 0.002693
2 0.877103 0.415157 0.000601 0.000245
2 0.875751 0.414300 0.001502 0.001469
2 0.905048 0.416136 0.003005 0.003673
2 0.891827 0.456048 0.002404 0.001714
2 0.915565 0.444907 0.003005 0.001959
2 0.911508 0.462292 0.000901 0.000979
2 0.913462 0.462292 0.001202 0.000979
2 0.918570 0.470372 0.001803 0.000979
2 0.899339 0.438663 0.000601 0.001224
2 0.892578 0.434868 0.002103 0.001469
2 0.887770 0.446131 0.003305 0.003918
2 0.886569 0.442336 0.003305 0.002204
2 0.887320 0.429114 0.000601 0.000245
2 0.866737 0.442458 0.003305 0.001959
2 0.864032 0.432174 0.000300 0.000490
2 0.869892 0.432909 0.004207 0.001959
2 0.869591 0.426787 0.000000 0.000000
2 0.874399 0.426543 0.000000 0.000000
2 0.876052 0.427889 0.001502 0.001224
2 0.877704 0.430093 0.001803 0.001714
2 0.877254 0.416626 0.000901 0.000735
2 0.874700 0.419074 0.002404 0.002204
2 0.871995 0.428869 0.004207 0.001224
2 0.875901 0.432419 0.000000 0.000000
2 0.868690 0.427767 0.000000 0.000000
2 0.868089 0.423359 0.000000 0.000000
2 0.872897 0.421401 0.000000 0.000000
2 0.874399 0.432664 0.000000 0.000000
2 0.878155 0.442214 0.014123 0.005387
2 0.881911 0.418830 0.000601 0.000735
2 0.880108 0.429236 0.001202 0.000979
2 0.883113 0.436704 0.001202 0.001224
2 0.867188 0.434623 0.000601 0.000979
2 0.887019 0.435357 0.001202 0.001469
2 0.884766 0.421645 0.002704 0.000979
2 0.879808 0.448213 0.003606 0.003183
2 0.879958 0.445764 0.000901 0.000245
2 0.873047 0.448580 0.007512 0.005877
2 0.883864 0.448213 0.006911 0.005142
2 0.891076 0.446743 0.001502 0.001714
2 0.896635 0.448825 0.001202 0.000979
2 0.898588 0.443315 0.004507 0.003183
2 0.892278 0.450416 0.000901 0.000735
2 0.890024 0.433154 0.000000 0.000000
2 0.929387 0.459598 0.000000 0.000000
2 0.928185 0.472331 0.000000 0.000000
2 0.903846 0.469148 0.000000 0.000000
2 0.665865 0.711802 0.000000 0.000000
2 0.689002 0.325171 0.000000 0.000000
2 0.668570 0.339863 0.000000 0.000000
2 0.643329 0.402791 0.000000 0.000000
2 0.711238 0.596474 0.000000 0.000000
2 0.788462 0.581783 0.000000 0.000000
2 0.777043 0.342067 0.000000 0.000000
2 0.800180 0.357125 0.001202 0.000245
2 0.771935 0.377081 0.000000 0.000000
2 0.857272 0.445886 0.004207 0.003428
2 0.866286 0.448090 0.009014 0.004897
2 0.855319 0.436949 0.010517 0.011019
2 0.859225 0.424829 0.009315 0.006856
2 0.862079 0.432664 0.000000 0.000000
2 0.864333 0.427155 0.004507 0.004163
2 0.859675 0.431685 0.000000 0.000000
2 0.861178 0.430950 0.000000 0.000000
2 0.861328 0.434623 0.001502 0.002449
2 0.861328 0.444172 0.002704 0.003428
2 0.859375 0.410504 0.001202 0.001224
2 0.858323 0.421768 0.000300 0.000245
2 0.852915 0.464006 0.001502 0.001469
2 0.736178 0.388345 0.000000 0.000000
2 0.777344 0.347698 0.000000 0.000000
2 0.766977 0.366675 0.001502 0.001714
2 0.705228 0.330069 0.002404 0.000979
2 0.851412 0.460455 0.002103 0.001224
2 0.850962 0.407444 0.000000 0.000000
2 0.811599 0.407444 0.001803 0.000979
2 0.816256 0.404750 0.000901 0.000979
2 0.839844 0.432419 0.000601 0.000490
2 0.836388 0.430583 0.000300 0.000735
2 0.847656 0.383325 0.001202 0.000735
2 0.849159 0.381489 0.001202 0.001469
2 0.837590 0.405362 0.000901 0.000735
2 0.762320 0.420666 0.004808 0.003918
2 0.841046 0.425073 0.001202 0.001469
2 0.840745 0.431072 0.001202 0.001224
2 0.820613 0.387365 0.001803 0.001469
2 0.813852 0.386019 0.004507 0.002204
2 0.805138 0.377938 0.000901 0.000735
2 0.834285 0.412218 0.002103 0.001714
2 0.823768 0.419074 0.003305 0.002693
2 0.839994 0.417360 0.002103 0.002693
2 0.830379 0.412096 0.000901 0.000979
2 0.818960 0.412953 0.001502 0.001224
2 0.826172 0.410994 0.002103 0.002693
2 0.824369 0.409403 0.000901 0.000979
2 0.822115 0.409892 0.001803 0.001469
2 0.821064 0.407321 0.000901 0.000735
2 0.820012 0.408668 0.001202 0.000979
2 0.817308 0.407444 0.004207 0.003428
2 0.812350 0.410627 0.001502 0.001469
2 0.807091 0.412586 0.004808 0.004897
2 0.804237 0.404873 0.000901 0.000735
2 0.811749 0.404995 0.000901 0.000979
2 0.822266 0.403281 0.002704 0.001959
2 0.820463 0.398139 0.002103 0.001959
2 0.849609 0.393119 0.001502 0.001714
2 0.852314 0.396670 0.001502 0.001469
2 0.847206 0.399976 0.001502 0.001224
2 0.837139 0.402669 0.001803 0.001714
2 0.842999 0.393487 0.004507 0.003428
2 0.841797 0.383937 0.004507 0.002938
2 0.846304 0.376959 0.002103 0.001714
2 0.839994 0.376102 0.000901 0.000490
2 0.829177 0.364594 0.000901 0.000490
2 0.825721 0.356758 0.000601 0.000490
2 0.818059 0.354554 0.000901 0.000979
2 0.824519 0.354432 0.003606 0.002693
2 0.808293 0.358717 0.000601 0.000979
2 0.814603 0.349902 0.001202 0.000979
2 0.817308 0.349412 0.002404 0.001959
2 0.844351 0.360921 0.001202 0.001959
2 0.845403 0.363492 0.000901 0.001224
2 0.846304 0.361900 0.000901 0.001469
2 0.849159 0.364349 0.001803 0.001469
2 0.848558 0.362145 0.002404 0.001959
2 0.853666 0.354065 0.001202 0.000979
2 0.860877 0.381856 0.001803 0.001224
2 0.855168 0.379897 0.001202 0.001224
2 0.862530 0.374388 0.001502 0.001469
2 0.859375 0.373408 0.001803 0.001469
2 0.866136 0.397649 0.007512 0.004407
2 0.858323 0.398384 0.002704 0.001959
2 0.622296 0.644956 0.000000 0.000000
2 0.780349 0.371205 0.000000 0.000000
2 0.791166 0.521548 0.000000 0.000000
2 0.712440 0.601126 0.000000 0.000000
2 0.710637 0.599657 0.000000 0.000000
2 0.779748 0.273996 0.004207 0.003428
2 0.770433 0.237267 0.000000 0.000000
2 0.764423 0.300196 0.000000 0.000000
2 0.847055 0.225024 0.000000 0.000000
2 0.955529 0.435847 0.000000 0.000000
2 0.939303 0.465965 0.000000 0.000000
2 0.942308 0.364349 0.000000 0.000000
