2 0.983624 0.627326 0.000901 0.000979
2 0.982873 0.625490 0.001202 0.001224
2 0.991587 0.615206 0.003606 0.003183
2 0.910156 0.394956 0.000000 0.000000
2 0.873197 0.556562 0.000000 0.000000
2 0.726863 0.482860 0.000000 0.000000
2 0.779748 0.457884 0.000000 0.000000
2 0.755709 0.350147 0.000000 0.000000
2 0.751803 0.285749 0.000000 0.000000
2 0.760817 0.288198 0.000000 0.000000
2 0.588041 0.563418 0.000000 0.000000
2 0.607422 0.658056 0.003305 0.002204
2 0.859976 0.558521 0.000000 0.000000
2 0.853666 0.572478 0.000000 0.000000
2 0.830529 0.344760 0.000000 0.000000
2 0.828425 0.345372 0.002404 0.001714
2 0.860276 0.416993 0.000000 0.000000
2 0.922175 0.233595 0.000000 0.000000
