2 0.873798 0.778404 0.000000 0.000000
2 0.816406 0.792850 0.000000 0.000000
2 0.843450 0.164177 0.003005 0.002693
2 0.680589 0.549706 0.000000 0.000000
2 0.827224 0.595005 0.000000 0.000000
2 0.812500 0.570519 0.000000 0.000000
2 0.814303 0.569540 0.000000 0.000000
2 0.813401 0.568315 0.000000 0.000000
2 0.824219 0.547992 0.000000 0.000000
2 0.825421 0.546523 0.000000 0.000000
2 0.817308 0.580313 0.000000 0.000000
2 0.754808 0.547502 0.000000 0.000000
2 0.805589 0.555338 0.000000 0.000000
2 0.793870 0.325171 0.000000 0.000000
2 0.832332 0.321009 0.000000 0.000000
2 0.709736 0.405975 0.000000 0.000000
2 0.843750 0.340108 0.000000 0.000000
2 0.798978 0.702498 0.000000 0.000000
2 0.810998 0.639814 0.001803 0.001469
