2 0.175781 0.872184 0.000000 0.000000
2 0.128606 0.886508 0.003005 0.002204
2 0.097656 0.896548 0.001803 0.001714
2 0.086238 0.904016 0.000000 0.000000
2 0.084736 0.904261 0.000000 0.000000
2 0.056040 0.914545 0.003305 0.001469
2 0.168269 0.870103 0.001202 0.001224
2 0.169321 0.855167 0.000901 0.000735
2 0.017127 0.897894 0.000000 0.000000
2 0.062500 0.880142 0.002404 0.001714
2 0.064153 0.862757 0.001502 0.001224
2 0.164363 0.870715 0.000000 0.000000
2 0.080228 0.843536 0.000000 0.000000
2 0.458534 0.562194 0.000000 0.000000
2 0.462440 0.616552 0.000000 0.000000
2 0.320012 0.722821 0.000000 0.000000
2 0.238281 0.684133 0.000000 0.000000
2 0.329928 0.328844 0.003606 0.002449
2 0.346605 0.426053 0.008113 0.006856
2 0.300180 0.662096 0.000000 0.000000
2 0.205829 0.366063 0.000000 0.000000
2 0.040264 0.280607 0.001202 0.001469
2 0.071214 0.190500 0.000000 0.000000
2 0.146034 0.227718 0.000000 0.000000
2 0.079327 0.840108 0.000000 0.000000
2 0.089093 0.831170 0.000901 0.000735
2 0.159555 0.798237 0.000000 0.000000
2 0.158353 0.837659 0.000000 0.000000
2 0.199519 0.795299 0.000000 0.000000
2 0.258113 0.749510 0.000000 0.000000
2 0.300781 0.777547 0.003005 0.002693
2 0.015925 0.931440 0.000000 0.000000
2 0.023137 0.930950 0.000601 0.000490
2 0.004056 0.943683 0.002704 0.001469
