2 0.421094 0.663462 0.017969 0.017428
2 0.395703 0.585938 0.004687 0.003606
2 0.408594 0.707332 0.000000 0.000000
2 0.410742 0.667819 0.004297 0.003305
2 0.394922 0.599760 0.000000 0.000000
2 0.307031 0.899639 0.000000 0.000000
2 0.415625 0.493089 0.000000 0.000000
2 0.441016 0.731520 0.003906 0.003305
2 0.305469 0.431791 0.017188 0.013822
2 0.286328 0.678035 0.009375 0.009315
2 0.292578 0.563101 0.004687 0.004808
2 0.306055 0.379808 0.003516 0.003005
2 0.279297 0.718450 0.000000 0.000000
2 0.281641 0.727163 0.000000 0.000000
2 0.301172 0.576623 0.000000 0.000000
2 0.280469 0.575120 0.000000 0.000000
2 0.287109 0.601863 0.000000 0.000000
2 0.296484 0.429688 0.000000 0.000000
2 0.289453 0.425781 0.000000 0.000000
2 0.287500 0.421875 0.000000 0.000000
2 0.247656 0.446815 0.000000 0.000000
2 0.265430 0.354718 0.003516 0.000901
2 0.244531 0.390325 0.000000 0.000000
2 0.273828 0.561298 0.000000 0.000000
2 0.258984 0.584435 0.000000 0.000000
2 0.252344 0.563401 0.000000 0.000000
2 0.010937 0.739183 0.000000 0.000000
2 0.269141 0.679988 0.000000 0.000000
2 0.248047 0.529748 0.000000 0.000000
2 0.243359 0.516526 0.000000 0.000000
2 0.201953 0.713341 0.000000 0.000000
2 0.265820 0.701472 0.001953 0.001502
2 0.256445 0.694862 0.003516 0.002103
2 0.275391 0.677885 0.010937 0.009014
2 0.259570 0.458233 0.003516 0.004808
2 0.121484 0.711388 0.006250 0.003906
2 0.248242 0.522987 0.003516 0.002704
2 0.231836 0.336088 0.001953 0.001502
2 0.260547 0.742338 0.004687 0.004507
2 0.221875 0.731971 0.009375 0.010216
2 0.215820 0.734826 0.003516 0.003906
2 0.205078 0.726262 0.007031 0.006010
2 0.240039 0.716797 0.009766 0.009916
2 0.280078 0.672476 0.008594 0.006611
2 0.260156 0.642578 0.006250 0.004507
2 0.248438 0.641827 0.006250 0.004808
2 0.251563 0.548227 0.007031 0.003906
2 0.238281 0.527194 0.014063 0.007512
2 0.284766 0.383714 0.038281 0.037861
2 0.027539 0.488281 0.003516 0.004207
2 0.071680 0.484525 0.012891 0.008714
2 0.120117 0.442758 0.004297 0.004507
2 0.100195 0.433594 0.026172 0.010216
2 0.174805 0.515024 0.098828 0.067308
2 0.147266 0.404147 0.004687 0.003005
2 0.079102 0.398888 0.007422 0.004507
2 0.080078 0.463942 0.002344 0.001803
2 0.048438 0.426382 0.000000 0.000000
2 0.045703 0.426983 0.000000 0.000000
2 0.053125 0.448317 0.000000 0.000000
2 0.067773 0.430739 0.002734 0.002103
2 0.031445 0.298528 0.009766 0.006911
2 0.213867 0.306040 0.005078 0.003305
2 0.231445 0.341797 0.010547 0.005108
2 0.203125 0.357873 0.007812 0.006010
2 0.151953 0.343750 0.007031 0.004808
2 0.154688 0.390625 0.008594 0.003606
2 0.203516 0.486178 0.028906 0.031851
2 0.215039 0.511418 0.007422 0.006611
2 0.224805 0.487079 0.005078 0.005409
2 0.208203 0.504808 0.010156 0.009014
2 0.197070 0.522987 0.016797 0.015325
2 0.231055 0.554988 0.011328 0.007212
2 0.230273 0.619742 0.007422 0.005108
2 0.227148 0.616136 0.002734 0.001502
2 0.153320 0.432993 0.004297 0.003606
2 0.188086 0.651292 0.004297 0.003305
2 0.084961 0.645132 0.004297 0.003005
2 0.132031 0.587891 0.002344 0.002103
2 0.137891 0.553185 0.006250 0.004207
2 0.259375 0.435246 0.100781 0.074219
2 0.202344 0.457782 0.003906 0.003305
2 0.157812 0.480319 0.003125 0.002103
2 0.272852 0.505258 0.094141 0.093450
2 0.213281 0.525541 0.000000 0.000000
2 0.182031 0.597356 0.000000 0.000000
2 0.228125 0.647987 0.003125 0.003906
2 0.169141 0.646785 0.005469 0.002103
2 0.164258 0.647085 0.001953 0.001502
2 0.157422 0.646034 0.000000 0.000000
2 0.155469 0.643930 0.000000 0.000000
2 0.150000 0.642428 0.000000 0.000000
2 0.216406 0.612680 0.000000 0.000000
2 0.203906 0.332782 0.002344 0.002103
2 0.156250 0.409555 0.000000 0.000000
2 0.169141 0.423678 0.000000 0.000000
2 0.107813 0.606671 0.000000 0.000000
2 0.052734 0.594952 0.000000 0.000000
2 0.254297 0.782903 0.007812 0.005709
2 0.319141 0.660757 0.000000 0.000000
2 0.332813 0.398438 0.000000 0.000000
2 0.313672 0.402644 0.000000 0.000000
2 0.379688 0.488281 0.000000 0.000000
2 0.364063 0.482272 0.000000 0.000000
2 0.334766 0.627704 0.000000 0.000000
2 0.367188 0.611478 0.000000 0.000000
2 0.361719 0.492488 0.000000 0.000000
2 0.323633 0.537560 0.001953 0.001202
2 0.342187 0.564603 0.000000 0.000000
2 0.383594 0.578125 0.000000 0.000000
2 0.369531 0.577224 0.000000 0.000000
2 0.209766 0.840745 0.000000 0.000000
2 0.273828 0.841647 0.000000 0.000000
2 0.308203 0.838041 0.000000 0.000000
2 0.363281 0.649489 0.003125 0.003305
2 0.324414 0.543570 0.005859 0.006611
2 0.186914 0.818209 0.007422 0.003606
2 0.333594 0.792518 0.008594 0.007512
2 0.343750 0.570012 0.010156 0.007812
2 0.358398 0.599159 0.006641 0.005409
2 0.382227 0.618690 0.031641 0.023438
2 0.234570 0.820463 0.007422 0.006310
2 0.255664 0.812049 0.005078 0.002704
2 0.092773 0.830379 0.008984 0.006911
2 0.470508 0.659706 0.004297 0.003305
2 0.231250 0.917368 0.000000 0.000000
