2 0.782452 0.765426 0.000000 0.000000
2 0.907752 0.770446 0.001202 0.001714
2 0.946665 0.629407 0.001502 0.001714
2 0.968450 0.631366 0.001202 0.001224
2 0.970102 0.633325 0.000901 0.000735
2 0.967398 0.715475 0.000901 0.001469
2 0.983474 0.713271 0.000601 0.000979
2 0.863281 0.469882 0.000000 0.000000
2 0.824820 0.553379 0.000000 0.000000
2 0.496695 0.465230 0.000000 0.000000
2 0.923377 0.585700 0.000000 0.000000
2 0.924279 0.583741 0.000000 0.000000
2 0.943660 0.608350 0.002103 0.002204
2 0.883413 0.766528 0.003005 0.003673
2 0.995493 0.755142 0.001202 0.000979
2 0.987230 0.762365 0.002704 0.002693
2 0.942308 0.757713 0.001202 0.001224
2 0.808894 0.823213 0.000000 0.000000
2 0.942909 0.796033 0.000000 0.000000
