2 0.648588 0.742899 0.002704 0.001959
2 0.911058 0.425318 0.000000 0.000000
2 0.700871 0.567703 0.003906 0.003183
2 0.682843 0.537218 0.004507 0.001959
2 0.678786 0.521548 0.004808 0.003428
2 0.716797 0.499143 0.002704 0.001224
2 0.737680 0.497062 0.002404 0.000979
2 0.713492 0.506121 0.002103 0.001469
2 0.842097 0.515059 0.001502 0.001224
2 0.846454 0.526077 0.001202 0.000735
2 0.832782 0.496082 0.002704 0.001469
2 0.823468 0.500735 0.001502 0.000979
2 0.827374 0.513834 0.000901 0.001224
2 0.826172 0.515304 0.001502 0.001224
2 0.817758 0.518976 0.002704 0.001714
2 0.815805 0.514079 0.002404 0.001714
2 0.829327 0.528893 0.001202 0.001469
2 0.831280 0.522405 0.003906 0.004163
2 0.832181 0.525098 0.002103 0.001224
2 0.841346 0.529873 0.004207 0.003428
2 0.840745 0.524976 0.006611 0.004897
2 0.805288 0.520201 0.003606 0.002204
2 0.773438 0.508325 0.001803 0.001469
2 0.751352 0.505387 0.002103 0.001959
2 0.718299 0.513590 0.002103 0.002204
2 0.717097 0.511263 0.002103 0.001959
2 0.576623 0.512243 0.000000 0.000000
2 0.853065 0.555338 0.000000 0.000000
2 0.873197 0.540402 0.000000 0.000000
2 0.902344 0.219025 0.003005 0.001224
2 0.902043 0.217434 0.000000 0.000000
2 0.889423 0.193193 0.000000 0.000000
2 0.630108 0.561459 0.000000 0.000000
2 0.771184 0.504530 0.000901 0.001224
2 0.734976 0.498531 0.000000 0.000000
2 0.811599 0.516895 0.000000 0.000000
2 0.810096 0.517385 0.000000 0.000000
2 0.613582 0.328599 0.000000 0.000000
2 0.636418 0.325416 0.000000 0.000000
2 0.729267 0.119736 0.000000 0.000000
2 0.657752 0.166993 0.000000 0.000000
2 0.782001 0.478085 0.001502 0.001224
2 0.771034 0.489594 0.001202 0.001224
2 0.776442 0.481513 0.007212 0.005632
2 0.780198 0.480411 0.000901 0.000979
2 0.741887 0.371939 0.000000 0.000000
2 0.813401 0.475269 0.000000 0.000000
2 0.734375 0.467679 0.000000 0.000000
2 0.731370 0.459109 0.000000 0.000000
2 0.738582 0.462047 0.000000 0.000000
2 0.688702 0.488737 0.000000 0.000000
2 0.703576 0.461802 0.000901 0.000490
2 0.695613 0.448947 0.000601 0.000735
2 0.690956 0.460211 0.001502 0.000735
2 0.773438 0.472453 0.003606 0.003183
2 0.775691 0.469148 0.001502 0.000979
2 0.781100 0.467189 0.000901 0.000979
2 0.780950 0.472453 0.008413 0.005142
2 0.772085 0.467924 0.000901 0.001469
2 0.784856 0.487145 0.002404 0.001224
2 0.788161 0.472086 0.003005 0.002938
2 0.767879 0.481391 0.005108 0.004407
2 0.763822 0.479310 0.003606 0.004163
2 0.765925 0.466210 0.000601 0.000490
2 0.763672 0.465597 0.000901 0.001224
2 0.757362 0.479799 0.006310 0.006121
2 0.773438 0.490818 0.003606 0.001714
2 0.833083 0.161361 0.002704 0.001469
2 0.868089 0.213516 0.002404 0.003428
2 0.672626 0.449070 0.000901 0.000979
2 0.755559 0.458007 0.001502 0.001224
2 0.688401 0.456048 0.001202 0.001224
2 0.713942 0.453967 0.000000 0.000000
2 0.762169 0.454456 0.000901 0.000979
2 0.717248 0.466944 0.002404 0.001959
2 0.722806 0.467679 0.002103 0.001959
2 0.725811 0.464618 0.001502 0.001224
2 0.726713 0.466454 0.001502 0.001469
2 0.737230 0.467924 0.001502 0.001469
2 0.742188 0.472453 0.000601 0.000735
2 0.746244 0.473555 0.004507 0.003428
2 0.707031 0.474167 0.001202 0.000735
2 0.766376 0.470739 0.002103 0.003183
2 0.711388 0.490328 0.002704 0.002204
2 0.759766 0.488124 0.016526 0.007591
2 0.711388 0.467801 0.000901 0.000735
2 0.698317 0.462659 0.001202 0.000735
2 0.803335 0.488247 0.002704 0.002449
2 0.797626 0.481758 0.002103 0.001714
2 0.802284 0.483350 0.003005 0.001959
2 0.806941 0.484329 0.002103 0.002449
2 0.811448 0.481758 0.002103 0.001714
2 0.795072 0.487145 0.006010 0.002204
2 0.786809 0.477473 0.001502 0.002938
2 0.789513 0.480901 0.005108 0.003918
2 0.803335 0.469638 0.001502 0.000979
2 0.824519 0.488124 0.001202 0.000735
2 0.717398 0.493022 0.002704 0.002204
2 0.718750 0.480411 0.003606 0.002449
2 0.725511 0.477840 0.004507 0.003673
2 0.734976 0.471719 0.001803 0.001224
2 0.738582 0.472331 0.001202 0.000979
2 0.716647 0.473310 0.002404 0.002449
2 0.717548 0.470739 0.004808 0.002693
2 0.713642 0.474780 0.003005 0.001469
2 0.718299 0.476494 0.002103 0.002938
2 0.709585 0.475269 0.002704 0.000979
2 0.706130 0.475514 0.001803 0.000979
2 0.696815 0.485431 0.003005 0.002693
2 0.698918 0.448213 0.001202 0.001224
2 0.711388 0.451518 0.001502 0.001469
2 0.718450 0.446499 0.001803 0.001224
2 0.727614 0.445886 0.002704 0.001469
2 0.726562 0.457395 0.001803 0.001469
2 0.754657 0.455191 0.003906 0.002449
2 0.754657 0.450661 0.002103 0.001714
2 0.714543 0.486166 0.000601 0.000735
2 0.716496 0.485798 0.000901 0.000979
2 0.685697 0.480779 0.000601 0.000735
2 0.616436 0.476126 0.000901 0.000735
2 0.660156 0.462047 0.001202 0.000490
2 0.651593 0.459231 0.000901 0.000735
2 0.756010 0.017875 0.000000 0.000000
2 0.562500 0.374388 0.000000 0.000000
2 0.733323 0.442703 0.006911 0.004897
2 0.718450 0.441234 0.001803 0.001469
2 0.721004 0.441601 0.001502 0.001714
2 0.696815 0.439153 0.001202 0.000735
2 0.694411 0.440132 0.001202 0.000735
2 0.693059 0.438786 0.000901 0.000979
2 0.674880 0.434133 0.001202 0.000979
2 0.711388 0.436459 0.002103 0.002204
2 0.686599 0.432542 0.001803 0.001224
2 0.697867 0.434990 0.002704 0.002204
2 0.665565 0.442336 0.002404 0.001224
2 0.673678 0.437806 0.004207 0.002449
2 0.621394 0.385896 0.000000 0.000000
2 0.587139 0.376102 0.000000 0.000000
2 0.717849 0.361655 0.000000 0.000000
2 0.722055 0.388834 0.000000 0.000000
2 0.793570 0.265916 0.000000 0.000000
2 0.783654 0.106758 0.000000 0.000000
2 0.598257 0.421890 0.000000 0.000000
2 0.618389 0.425563 0.000000 0.000000
2 0.712740 0.653036 0.000000 0.000000
2 0.596154 0.584721 0.000000 0.000000
2 0.597055 0.588883 0.000000 0.000000
