2 0.808984 0.525691 0.000781 0.000901
2 0.825000 0.070613 0.000000 0.000000
2 0.823047 0.070613 0.000000 0.000000
2 0.843750 0.184796 0.000000 0.000000
2 0.794141 0.120793 0.000000 0.000000
2 0.719336 0.469952 0.001953 0.001202
2 0.710156 0.466647 0.001563 0.001803
2 0.706641 0.467548 0.002344 0.001202
2 0.717969 0.461238 0.003906 0.002404
2 0.744531 0.517879 0.002344 0.001502
2 0.743164 0.488281 0.001953 0.001202
2 0.746484 0.496995 0.000781 0.000601
2 0.736523 0.499099 0.005078 0.003005
2 0.745703 0.509014 0.000781 0.000601
2 0.724609 0.444561 0.003125 0.002704
2 0.738477 0.445012 0.001953 0.001803
2 0.728320 0.455679 0.003516 0.002103
2 0.715234 0.454026 0.000781 0.000601
2 0.708398 0.438552 0.001172 0.000901
2 0.695898 0.456130 0.001172 0.002404
2 0.496875 0.769231 0.003125 0.001803
2 0.734766 0.045673 0.000000 0.000000
2 0.718750 0.233173 0.000000 0.000000
2 0.694922 0.447266 0.001563 0.002704
2 0.714453 0.447716 0.000000 0.000000
2 0.706641 0.449519 0.000000 0.000000
2 0.658984 0.460637 0.014844 0.011418
2 0.636133 0.474760 0.004297 0.003606
2 0.651953 0.473858 0.001563 0.001803
2 0.648828 0.423077 0.002344 0.001202
2 0.653125 0.423077 0.001563 0.001803
2 0.626563 0.431490 0.004687 0.002404
2 0.632227 0.441406 0.004297 0.003606
2 0.628711 0.423828 0.002734 0.002103
2 0.612695 0.435847 0.001953 0.001502
2 0.612109 0.445012 0.002344 0.001803
2 0.599414 0.437200 0.001172 0.000601
2 0.604102 0.437500 0.001172 0.001202
2 0.601562 0.434044 0.000781 0.000901
2 0.607617 0.438251 0.001953 0.001502
2 0.608984 0.436448 0.002344 0.001502
2 0.612891 0.438552 0.001563 0.000901
2 0.610938 0.410156 0.002344 0.001803
2 0.613281 0.413311 0.001563 0.000901
2 0.618945 0.418570 0.001172 0.001202
2 0.620313 0.404297 0.001563 0.001502
2 0.640234 0.401593 0.007812 0.005709
2 0.625977 0.398137 0.001953 0.001803
2 0.614453 0.391827 0.001563 0.001202
2 0.618164 0.389423 0.001172 0.000601
2 0.622461 0.388071 0.001172 0.000901
2 0.617188 0.381611 0.001563 0.001202
2 0.614648 0.381160 0.001172 0.001502
2 0.618555 0.378906 0.001953 0.001202
2 0.638086 0.464393 0.001953 0.000901
2 0.610352 0.477764 0.001953 0.001803
2 0.608594 0.475361 0.000000 0.000000
2 0.612891 0.462740 0.000000 0.000000
2 0.617188 0.455228 0.000000 0.000000
2 0.610938 0.448317 0.000000 0.000000
2 0.598437 0.541767 0.001563 0.001202
2 0.617188 0.230769 0.000000 0.000000
2 0.598047 0.322115 0.000000 0.000000
2 0.596875 0.361178 0.000000 0.000000
2 0.562109 0.405048 0.001563 0.001202
2 0.495312 0.423678 0.001563 0.000601
2 0.447656 0.425631 0.001563 0.002103
2 0.556055 0.483173 0.005859 0.003606
2 0.542969 0.321815 0.000000 0.000000
2 0.530469 0.284856 0.000000 0.000000
2 0.522656 0.280950 0.000000 0.000000
2 0.463281 0.291767 0.000000 0.000000
2 0.442188 0.384315 0.000000 0.000000
2 0.576172 0.235276 0.000000 0.000000
2 0.533203 0.553936 0.002344 0.001502
2 0.530273 0.554537 0.001172 0.001502
2 0.528125 0.556190 0.000000 0.000000
2 0.582031 0.376502 0.001563 0.000601
2 0.591797 0.377704 0.003906 0.003005
2 0.587109 0.373948 0.002344 0.001502
2 0.584375 0.435847 0.001563 0.000901
2 0.687109 0.449970 0.004687 0.003305
2 0.666797 0.459135 0.003125 0.001202
2 0.672070 0.467849 0.014453 0.002404
2 0.696094 0.461088 0.006250 0.002103
2 0.670508 0.449219 0.005078 0.003005
2 0.662500 0.447416 0.010937 0.008413
2 0.663867 0.456731 0.002734 0.001202
2 0.676367 0.422025 0.001172 0.000901
2 0.692773 0.401893 0.001172 0.000901
2 0.688086 0.407302 0.002734 0.002704
2 0.691211 0.409405 0.001172 0.000901
2 0.666992 0.394832 0.002734 0.001803
2 0.658398 0.424880 0.001953 0.001202
2 0.660742 0.423828 0.001172 0.000901
2 0.664648 0.424880 0.004297 0.004207
2 0.661914 0.427734 0.001172 0.001502
2 0.675000 0.430739 0.001563 0.001502
2 0.677734 0.431641 0.000781 0.000901
2 0.683594 0.429237 0.000781 0.000901
2 0.687695 0.430288 0.001172 0.001202
2 0.685156 0.435096 0.000781 0.001202
2 0.689453 0.437500 0.002344 0.001803
2 0.677539 0.437200 0.002734 0.003606
2 0.672852 0.492939 0.002734 0.002103
2 0.671875 0.488882 0.003125 0.001803
2 0.755273 0.457782 0.001953 0.000901
2 0.779687 0.540565 0.001563 0.001202
2 0.775391 0.508113 0.001563 0.001202
2 0.771289 0.507061 0.002734 0.002103
2 0.766406 0.512770 0.005469 0.003906
2 0.764648 0.498648 0.001953 0.001502
2 0.766016 0.506460 0.006250 0.005108
2 0.757422 0.502855 0.003125 0.002103
2 0.749023 0.497145 0.001172 0.000300
2 0.755859 0.509315 0.000781 0.000601
2 0.751953 0.506160 0.002344 0.002103
2 0.751953 0.509916 0.003125 0.001202
2 0.882422 0.065805 0.000000 0.000000
