2 0.426953 0.744141 0.003906 0.003906
2 0.526172 0.736478 0.004687 0.003005
2 0.462891 0.732572 0.018750 0.012019
2 0.439844 0.752855 0.005469 0.003305
2 0.546484 0.716947 0.007812 0.004808
2 0.546289 0.721905 0.006641 0.002103
2 0.443750 0.749549 0.007812 0.005709
2 0.475391 0.773137 0.008594 0.006010
2 0.471875 0.777644 0.009375 0.006611
2 0.472266 0.796274 0.008594 0.006010
2 0.616211 0.787260 0.007422 0.006010
2 0.653711 0.788462 0.005859 0.005409
2 0.662305 0.782151 0.010547 0.009615
2 0.658398 0.802885 0.010547 0.007212
2 0.674414 0.802885 0.008984 0.007212
2 0.672656 0.808293 0.005469 0.004207
2 0.666211 0.812200 0.005859 0.003606
2 0.612695 0.792668 0.006641 0.003606
2 0.628320 0.785156 0.005859 0.004207
2 0.572852 0.827374 0.007422 0.003305
2 0.516797 0.857272 0.007812 0.006611
2 0.611719 0.873347 0.010156 0.005709
2 0.801562 0.841797 0.011719 0.006911
2 0.778906 0.765174 0.008594 0.005108
2 0.906445 0.673377 0.003516 0.003005
2 0.750781 0.681190 0.008594 0.007812
2 0.749805 0.703425 0.007422 0.006611
2 0.690430 0.718149 0.005078 0.003606
2 0.761914 0.656851 0.003516 0.003005
2 0.732031 0.658954 0.000000 0.000000
2 0.740625 0.657151 0.000000 0.000000
2 0.765234 0.590895 0.012500 0.007512
2 0.752344 0.610126 0.007031 0.006310
2 0.747266 0.608924 0.004687 0.003906
2 0.725000 0.507061 0.007812 0.006911
2 0.388672 0.753906 0.000000 0.000000
2 0.348828 0.666917 0.008594 0.007512
2 0.316211 0.687951 0.003516 0.003305
2 0.553125 0.792668 0.000000 0.000000
2 0.633594 0.695613 0.000000 0.000000
2 0.646875 0.690805 0.000000 0.000000
2 0.642578 0.692608 0.000000 0.000000
2 0.721875 0.653546 0.000000 0.000000
2 0.717187 0.652344 0.000000 0.000000
2 0.645117 0.728365 0.010547 0.006010
2 0.650195 0.736929 0.012891 0.008113
2 0.607422 0.727163 0.008594 0.009014
2 0.608984 0.692007 0.003125 0.003005
2 0.584766 0.668870 0.011719 0.007812
2 0.566602 0.672025 0.020703 0.015925
2 0.486133 0.697716 0.008203 0.006010
2 0.459766 0.682542 0.011719 0.008714
2 0.739844 0.586238 0.000000 0.000000
2 0.576953 0.510817 0.000000 0.000000
2 0.638281 0.342248 0.000000 0.000000
2 0.665234 0.053486 0.000000 0.000000
2 0.538672 0.317007 0.000000 0.000000
2 0.377734 0.545072 0.009375 0.007812
2 0.385937 0.544321 0.004687 0.004507
2 0.369141 0.531100 0.019531 0.012921
2 0.375586 0.506160 0.007422 0.005709
2 0.410547 0.528696 0.014063 0.008714
2 0.425000 0.525841 0.015625 0.012620
2 0.457031 0.530499 0.007031 0.005709
2 0.454297 0.553786 0.019531 0.013221
2 0.509961 0.539363 0.010547 0.012019
2 0.454688 0.613882 0.003125 0.002404
2 0.509961 0.599609 0.010547 0.006911
2 0.515625 0.595252 0.011719 0.008413
2 0.451172 0.642879 0.008594 0.006911
2 0.498633 0.651142 0.008203 0.007212
2 0.481641 0.633714 0.000000 0.000000
2 0.521094 0.654297 0.007812 0.005709
2 0.525000 0.644231 0.007812 0.004808
2 0.607812 0.637620 0.007031 0.005409
2 0.711719 0.652344 0.000000 0.000000
2 0.705078 0.651743 0.000000 0.000000
2 0.556055 0.563101 0.033203 0.024038
2 0.657617 0.361929 0.004297 0.003305
2 0.594141 0.407452 0.003125 0.003005
2 0.710156 0.553185 0.007031 0.002404
2 0.677539 0.546424 0.001953 0.002103
2 0.637891 0.556490 0.000000 0.000000
2 0.711719 0.520433 0.000000 0.000000
2 0.666797 0.542218 0.011719 0.006911
2 0.706641 0.519982 0.004687 0.003906
2 0.549219 0.522837 0.000000 0.000000
2 0.598242 0.533504 0.010547 0.005108
2 0.595313 0.539062 0.010156 0.006010
2 0.385547 0.616737 0.006250 0.005108
2 0.307617 0.581581 0.006641 0.005108
2 0.393750 0.567909 0.008594 0.006611
2 0.501172 0.528395 0.003125 0.003305
2 0.452930 0.492188 0.004297 0.004808
2 0.430859 0.488582 0.008594 0.006010
2 0.608594 0.909856 0.000000 0.000000
