2 0.776953 0.591046 0.000000 0.000000
2 0.759766 0.595853 0.000000 0.000000
2 0.751953 0.595853 0.000000 0.000000
2 0.757422 0.589543 0.000000 0.000000
2 0.736328 0.594651 0.000000 0.000000
2 0.717187 0.666767 0.000000 0.000000
2 0.649219 0.613281 0.000000 0.000000
2 0.688672 0.651142 0.000000 0.000000
2 0.721484 0.628906 0.000000 0.000000
2 0.721094 0.626502 0.000000 0.000000
2 0.709375 0.635216 0.000000 0.000000
2 0.710547 0.627704 0.000000 0.000000
2 0.769922 0.658954 0.000000 0.000000
2 0.770312 0.654447 0.000000 0.000000
2 0.951953 0.587740 0.000000 0.000000
2 0.560937 0.600060 0.000000 0.000000
2 0.558984 0.588341 0.000000 0.000000
2 0.699609 0.496394 0.000000 0.000000
2 0.676562 0.497897 0.000000 0.000000
2 0.667969 0.496394 0.000000 0.000000
2 0.677344 0.467248 0.000000 0.000000
2 0.672266 0.466346 0.000000 0.000000
2 0.648828 0.466647 0.000000 0.000000
2 0.662500 0.450721 0.000000 0.000000
2 0.635547 0.469050 0.000000 0.000000
2 0.753906 0.362380 0.000000 0.000000
2 0.797656 0.403245 0.000000 0.000000
2 0.861719 0.393930 0.000000 0.000000
2 0.808984 0.389123 0.000000 0.000000
2 0.796875 0.368389 0.000000 0.000000
2 0.789062 0.368389 0.000000 0.000000
2 0.788281 0.356971 0.000000 0.000000
2 0.792188 0.350361 0.000000 0.000000
2 0.814063 0.322716 0.000000 0.000000
2 0.836719 0.312500 0.000000 0.000000
2 0.798047 0.322716 0.000000 0.000000
2 0.807031 0.311599 0.000000 0.000000
2 0.808203 0.298377 0.000000 0.000000
2 0.805859 0.298978 0.000000 0.000000
2 0.821875 0.294171 0.000000 0.000000
2 0.813281 0.292969 0.000000 0.000000
2 0.807813 0.295373 0.000000 0.000000
2 0.805078 0.253005 0.000000 0.000000
2 0.871875 0.266526 0.000000 0.000000
2 0.864453 0.265325 0.000000 0.000000
2 0.892188 0.251502 0.000000 0.000000
2 0.544531 0.473858 0.000000 0.000000
2 0.578125 0.416767 0.000000 0.000000
2 0.646094 0.442608 0.000000 0.000000
2 0.647266 0.437500 0.000000 0.000000
2 0.649609 0.432692 0.000000 0.000000
2 0.581641 0.455829 0.000000 0.000000
2 0.583984 0.442909 0.000000 0.000000
2 0.721484 0.435096 0.000000 0.000000
2 0.767188 0.432392 0.000000 0.000000
2 0.795703 0.459135 0.000000 0.000000
2 0.751563 0.434495 0.000000 0.000000
2 0.697656 0.450721 0.000000 0.000000
2 0.708984 0.450721 0.000000 0.000000
2 0.932422 0.237680 0.000000 0.000000
2 0.945703 0.232572 0.000000 0.000000
2 0.943750 0.234675 0.000000 0.000000
2 0.824609 0.549880 0.000000 0.000000
2 0.729688 0.534255 0.000000 0.000000
2 0.728516 0.535457 0.000000 0.000000
2 0.736719 0.540565 0.000000 0.000000
2 0.678516 0.500000 0.000000 0.000000
2 0.746484 0.543269 0.000000 0.000000
2 0.744141 0.521334 0.000000 0.000000
2 0.742578 0.528546 0.000000 0.000000
2 0.751172 0.528546 0.000000 0.000000
2 0.756641 0.530950 0.000000 0.000000
2 0.741016 0.566406 0.000000 0.000000
2 0.738672 0.573017 0.000000 0.000000
2 0.743750 0.570012 0.000000 0.000000
2 0.790234 0.561298 0.000000 0.000000
2 0.570703 0.511418 0.000000 0.000000
2 0.575000 0.504808 0.000000 0.000000
2 0.581641 0.508714 0.000000 0.000000
2 0.583203 0.510817 0.000000 0.000000
2 0.581250 0.514423 0.000000 0.000000
2 0.588281 0.511118 0.000000 0.000000
2 0.646875 0.748498 0.000000 0.000000
2 0.642188 0.758413 0.000000 0.000000
