2 0.932813 0.498197 0.000000 0.000000
2 0.935937 0.502103 0.000000 0.000000
2 0.567578 0.609675 0.000000 0.000000
2 0.604297 0.609675 0.000000 0.000000
2 0.611719 0.611779 0.000000 0.000000
2 0.607812 0.616587 0.000000 0.000000
2 0.803906 0.432993 0.000000 0.000000
2 0.837500 0.408654 0.000000 0.000000
2 0.835156 0.406550 0.000000 0.000000
2 0.843555 0.426983 0.020703 0.013822
2 0.821680 0.404597 0.001953 0.002103
2 0.584766 0.600060 0.000000 0.000000
2 0.646094 0.421875 0.000000 0.000000
2 0.758984 0.355769 0.000000 0.000000
2 0.764844 0.359075 0.000000 0.000000
2 0.768359 0.359976 0.000000 0.000000
2 0.768359 0.357873 0.000000 0.000000
2 0.771484 0.356671 0.000000 0.000000
2 0.773828 0.347957 0.000000 0.000000
2 0.777344 0.347055 0.000000 0.000000
2 0.778125 0.359675 0.000000 0.000000
2 0.780078 0.359976 0.000000 0.000000
2 0.778516 0.362380 0.000000 0.000000
2 0.599219 0.510517 0.000000 0.000000
2 0.740625 0.400541 0.000000 0.000000
2 0.742969 0.400841 0.000000 0.000000
2 0.707422 0.425180 0.000000 0.000000
2 0.753516 0.346154 0.000000 0.000000
2 0.723437 0.440805 0.000000 0.000000
2 0.698828 0.440204 0.000000 0.000000
2 0.694141 0.466346 0.000000 0.000000
2 0.767188 0.542368 0.000000 0.000000
2 0.596094 0.523438 0.000000 0.000000
2 0.584375 0.538161 0.001563 0.001202
2 0.619531 0.656851 0.000000 0.000000
2 0.888281 0.418570 0.000000 0.000000
2 0.869531 0.451623 0.000000 0.000000
2 0.880469 0.449519 0.000000 0.000000
2 0.911719 0.157752 0.000000 0.000000
2 0.860156 0.441106 0.000000 0.000000
2 0.915234 0.157151 0.000000 0.000000
