2 0.985547 0.588041 0.000000 0.000000
2 0.997266 0.592248 0.000000 0.000000
2 0.989648 0.304087 0.019922 0.014423
2 0.959766 0.298678 0.000000 0.000000
2 0.961328 0.298377 0.000000 0.000000
2 0.993750 0.532452 0.000000 0.000000
2 0.990234 0.532752 0.000000 0.000000
2 0.978906 0.548077 0.000000 0.000000
2 0.985938 0.537861 0.000000 0.000000
2 0.973047 0.530649 0.000000 0.000000
2 0.977734 0.539663 0.000000 0.000000
2 0.978516 0.544471 0.000000 0.000000
2 0.986328 0.543570 0.000000 0.000000
2 0.989453 0.544772 0.000000 0.000000
2 0.983984 0.551082 0.000000 0.000000
2 0.969922 0.554688 0.000000 0.000000
2 0.906641 0.510216 0.000000 0.000000
2 0.915625 0.518329 0.000000 0.000000
2 0.921484 0.512019 0.000000 0.000000
2 0.931641 0.323618 0.001563 0.001803
2 0.928125 0.317007 0.002344 0.001803
2 0.852344 0.384916 0.000000 0.000000
2 0.690039 0.334886 0.003516 0.006310
2 0.683203 0.329177 0.008594 0.006911
2 0.663086 0.465294 0.002734 0.000901
2 0.841797 0.387620 0.000000 0.000000
2 0.696094 0.497897 0.000000 0.000000
2 0.837891 0.529447 0.000000 0.000000
2 0.898828 0.496394 0.000000 0.000000
2 0.940234 0.539363 0.000000 0.000000
2 0.952344 0.298077 0.000000 0.000000
