2 0.648438 0.578355 0.000000 0.000000
2 0.799579 0.303012 0.003606 0.002693
2 0.749700 0.314153 0.000000 0.000000
2 0.758714 0.335211 0.000000 0.000000
2 0.752704 0.333986 0.000000 0.000000
2 0.752704 0.332272 0.000000 0.000000
2 0.748197 0.349902 0.000000 0.000000
2 0.775841 0.329824 0.000000 0.000000
2 0.746995 0.308521 0.000000 0.000000
2 0.744291 0.339863 0.000000 0.000000
2 0.819411 0.271792 0.000000 0.000000
2 0.810697 0.312439 0.000000 0.000000
2 0.801082 0.634182 0.000000 0.000000
2 0.684495 0.617042 0.000000 0.000000
2 0.679688 0.620225 0.000000 0.000000
2 0.747897 0.452742 0.000000 0.000000
2 0.718750 0.452008 0.000000 0.000000
2 0.722356 0.453722 0.000000 0.000000
2 0.722055 0.447356 0.000000 0.000000
2 0.720252 0.455436 0.000000 0.000000
2 0.726562 0.452742 0.000000 0.000000
2 0.728666 0.451028 0.000000 0.000000
2 0.727163 0.454946 0.000000 0.000000
2 0.704928 0.458619 0.000000 0.000000
2 0.703726 0.459598 0.000000 0.000000
2 0.720553 0.464740 0.000000 0.000000
2 0.694111 0.292116 0.000000 0.000000
2 0.711839 0.304114 0.000000 0.000000
2 0.720553 0.296523 0.000000 0.000000
2 0.724159 0.300196 0.000000 0.000000
2 0.733774 0.287218 0.000000 0.000000
2 0.722356 0.291136 0.000000 0.000000
2 0.706130 0.327253 0.002404 0.002204
2 0.652344 0.555338 0.000000 0.000000
2 0.637921 0.549951 0.000000 0.000000
2 0.650240 0.570519 0.000000 0.000000
2 0.497296 0.536239 0.000000 0.000000
2 0.719501 0.530485 0.003906 0.003183
2 0.901442 0.531342 0.000000 0.000000
