2 0.484766 0.659856 0.000000 0.000000
2 0.086328 0.609976 0.000000 0.000000
2 0.119141 0.450421 0.000000 0.000000
2 0.152734 0.309796 0.000000 0.000000
2 0.150000 0.309195 0.000000 0.000000
2 0.166016 0.324219 0.000000 0.000000
2 0.178516 0.358774 0.000000 0.000000
2 0.181445 0.357272 0.003516 0.003005
2 0.172266 0.344952 0.000000 0.000000
2 0.094922 0.346154 0.000000 0.000000
2 0.082422 0.332632 0.000000 0.000000
2 0.052734 0.344050 0.000000 0.000000
2 0.310937 0.343750 0.000000 0.000000
2 0.213281 0.553786 0.000000 0.000000
2 0.096680 0.718450 0.001172 0.001803
