2 0.801953 0.504056 0.021094 0.013522
2 0.763281 0.507812 0.000000 0.000000
2 0.701172 0.488431 0.001563 0.000901
2 0.738281 0.483474 0.000000 0.000000
2 0.724609 0.491286 0.000000 0.000000
2 0.728906 0.492188 0.000000 0.000000
2 0.746875 0.494591 0.000000 0.000000
2 0.744922 0.495793 0.000000 0.000000
2 0.735156 0.493690 0.000000 0.000000
2 0.736328 0.495793 0.000000 0.000000
2 0.612891 0.530048 0.000000 0.000000
2 0.797070 0.536659 0.000391 0.000000
2 0.796875 0.535006 0.001563 0.000901
2 0.703516 0.567608 0.000000 0.000000
2 0.713281 0.569411 0.000000 0.000000
2 0.745703 0.562800 0.000000 0.000000
2 0.808984 0.536058 0.000000 0.000000
2 0.821094 0.517428 0.000000 0.000000
2 0.835156 0.296875 0.000000 0.000000
2 0.838281 0.296274 0.000000 0.000000
2 0.575000 0.674880 0.000000 0.000000
2 0.691797 0.134615 0.000000 0.000000
