2 0.364844 0.383263 0.004687 0.002704
2 0.323242 0.425030 0.016016 0.007512
2 0.308203 0.431941 0.006250 0.004507
2 0.311719 0.454026 0.003906 0.003005
2 0.316797 0.458534 0.000000 0.000000
2 0.337891 0.432091 0.000000 0.000000
2 0.332422 0.439303 0.000000 0.000000
2 0.346680 0.419321 0.006641 0.005709
2 0.325195 0.432542 0.004297 0.003305
2 0.332617 0.411058 0.015234 0.006611
2 0.327539 0.414964 0.007422 0.009615
2 0.304883 0.413011 0.005859 0.006310
2 0.295898 0.404297 0.012891 0.009916
2 0.291797 0.356370 0.006250 0.001803
2 0.292187 0.310697 0.000000 0.000000
2 0.363672 0.508413 0.000000 0.000000
2 0.163672 0.268329 0.011719 0.008413
2 0.165625 0.384315 0.003906 0.002404
2 0.064258 0.195463 0.002734 0.008714
2 0.064258 0.204627 0.002734 0.002404
2 0.157227 0.374549 0.010547 0.006911
2 0.114844 0.360727 0.075000 0.023738
2 0.121680 0.337440 0.012891 0.010216
2 0.176953 0.246695 0.075000 0.040865
2 0.109766 0.259465 0.000781 0.001502
2 0.101562 0.258864 0.001563 0.002103
2 0.114844 0.229718 0.049219 0.033353
2 0.166797 0.370493 0.008594 0.007212
2 0.168750 0.377554 0.021094 0.018930
2 0.165039 0.359976 0.011328 0.009014
2 0.148828 0.358173 0.006250 0.002404
2 0.155469 0.359976 0.000000 0.000000
2 0.153516 0.359075 0.000000 0.000000
2 0.155664 0.349760 0.001953 0.001803
2 0.151953 0.351262 0.000000 0.000000
2 0.171680 0.339994 0.059766 0.044772
2 0.063867 0.213492 0.003516 0.003305
2 0.061328 0.195463 0.001563 0.002103
2 0.263281 0.449369 0.003906 0.005108
2 0.177734 0.371094 0.000000 0.000000
2 0.180469 0.371394 0.000000 0.000000
2 0.206250 0.361178 0.000000 0.000000
2 0.182617 0.364183 0.019922 0.011418
2 0.176367 0.365084 0.015234 0.008413
2 0.201563 0.365234 0.005469 0.003906
2 0.184961 0.384766 0.005078 0.003906
2 0.285938 0.370192 0.006250 0.003005
2 0.283203 0.382812 0.003906 0.004207
2 0.285938 0.468600 0.011719 0.006911
2 0.284961 0.390775 0.026953 0.012320
2 0.275781 0.372596 0.002344 0.003005
2 0.261719 0.360427 0.010937 0.008714
2 0.270313 0.364183 0.012500 0.010817
2 0.278320 0.360427 0.024609 0.017127
2 0.259570 0.316106 0.002734 0.000601
2 0.280469 0.310847 0.008594 0.001502
2 0.272461 0.310847 0.003516 0.000901
2 0.115234 0.473708 0.005469 0.005108
2 0.148438 0.396184 0.005469 0.003305
2 0.203320 0.396184 0.007422 0.008113
2 0.219531 0.394681 0.018750 0.022536
2 0.231836 0.394982 0.012109 0.014724
2 0.207031 0.402494 0.017188 0.009916
2 0.207813 0.380108 0.003906 0.001803
2 0.191406 0.381611 0.009375 0.015024
2 0.197266 0.350210 0.007812 0.008113
2 0.229883 0.354117 0.036328 0.017127
2 0.252344 0.316106 0.007812 0.002404
2 0.252539 0.329177 0.001953 0.002704
2 0.255273 0.311599 0.013672 0.001803
2 0.266797 0.343600 0.026562 0.018930
2 0.258398 0.350962 0.010547 0.012620
2 0.240234 0.452825 0.003906 0.005409
2 0.191797 0.391226 0.003125 0.001803
2 0.182227 0.389423 0.008203 0.003005
2 0.200195 0.378456 0.001953 0.003906
2 0.198437 0.270583 0.003906 0.002704
2 0.173437 0.269531 0.006250 0.003606
2 0.219531 0.376653 0.008594 0.007512
2 0.208789 0.376502 0.004297 0.003606
2 0.213281 0.383263 0.001563 0.001502
2 0.238281 0.386719 0.016406 0.009615
2 0.224609 0.304387 0.000000 0.000000
2 0.226953 0.306190 0.000000 0.000000
2 0.245898 0.339393 0.009766 0.014724
2 0.240820 0.322266 0.012891 0.017728
2 0.231445 0.302734 0.003516 0.000300
2 0.228711 0.304688 0.003516 0.000601
2 0.246484 0.302434 0.024219 0.015925
2 0.230664 0.306941 0.003516 0.001502
2 0.234375 0.312350 0.004687 0.000901
2 0.243945 0.313251 0.010547 0.004507
2 0.226953 0.317909 0.017188 0.030048
2 0.226172 0.278546 0.000000 0.000000
