2 0.704327 0.700171 0.003606 0.003183
2 0.926382 0.337659 0.001803 0.001469
2 0.934796 0.291381 0.001803 0.001469
2 0.932692 0.292238 0.002404 0.001714
2 0.932843 0.294074 0.002103 0.001469
2 0.815204 0.685357 0.000000 0.000000
2 0.850962 0.665034 0.000000 0.000000
2 0.892428 0.685602 0.000000 0.000000
2 0.855769 0.364471 0.001803 0.001714
2 0.853966 0.366552 0.000000 0.000000
2 0.822266 0.408423 0.002103 0.001959
2 0.882212 0.451518 0.000000 0.000000
2 0.957632 0.451763 0.000000 0.000000
2 0.951322 0.365206 0.004207 0.002204
