2 0.408053 0.686337 0.012019 0.002938
2 0.163612 0.694417 0.002704 0.001959
2 0.167067 0.694907 0.001202 0.001959
2 0.453576 0.621450 0.003305 0.003428
2 0.253305 0.609329 0.006010 0.005142
2 0.226262 0.584231 0.003005 0.002449
2 0.255409 0.573947 0.000000 0.000000
2 0.210036 0.573702 0.000000 0.000000
2 0.286058 0.584966 0.000000 0.000000
2 0.364934 0.564275 0.002103 0.001714
2 0.382212 0.549951 0.000000 0.000000
2 0.272837 0.410627 0.000000 0.000000
2 0.237380 0.398629 0.000000 0.000000
2 0.324219 0.383937 0.000000 0.000000
2 0.258413 0.523139 0.003005 0.002204
2 0.165264 0.638345 0.000000 0.000000
2 0.163462 0.699804 0.001803 0.001959
2 0.160156 0.699314 0.000000 0.000000
2 0.233624 0.701273 0.003305 0.002449
2 0.372145 0.715842 0.002704 0.002693
2 0.550481 0.606146 0.004207 0.003673
