2 0.894727 0.687951 0.001953 0.002103
2 0.898242 0.688702 0.005078 0.005409
2 0.966406 0.470403 0.014844 0.008113
2 0.824219 0.638221 0.007812 0.005409
2 0.758984 0.637921 0.006250 0.003005
2 0.783789 0.633864 0.005859 0.005108
2 0.893750 0.282903 0.003906 0.004507
2 0.806250 0.525541 0.008594 0.007212
2 0.806836 0.399038 0.009766 0.008413
2 0.698242 0.466947 0.001172 0.000601
2 0.721484 0.361929 0.007812 0.005709
2 0.697266 0.467999 0.003125 0.003305
2 0.751563 0.435998 0.006250 0.006010
2 0.834961 0.227163 0.003516 0.002404
2 0.843555 0.247746 0.004297 0.003305
2 0.813867 0.552885 0.008203 0.006010
2 0.724414 0.610276 0.007422 0.004808
