2 0.046875 0.887365 0.000000 0.000000
2 0.062200 0.801910 0.000000 0.000000
2 0.054688 0.787708 0.000000 0.000000
2 0.036058 0.743389 0.002404 0.001469
2 0.192308 0.746327 0.000000 0.000000
2 0.035457 0.740940 0.000000 0.000000
2 0.144231 0.683154 0.000000 0.000000
2 0.095853 0.658668 0.000000 0.000000
2 0.173978 0.443683 0.000000 0.000000
3 0.097506 0.446254 0.097656 0.082517
2 0.105469 0.705436 0.000000 0.000000
2 0.092248 0.704456 0.000000 0.000000
2 0.027344 0.821499 0.000000 0.000000
2 0.266526 0.821743 0.000000 0.000000
2 0.000901 0.909403 0.000000 0.000000
