2 0.266406 0.561599 0.004687 0.002404
2 0.085742 0.550781 0.006641 0.005409
2 0.089063 0.572266 0.012500 0.009916
2 0.135352 0.562650 0.003516 0.003305
2 0.188281 0.552434 0.003906 0.004507
2 0.157812 0.561298 0.012500 0.021034
2 0.250391 0.548077 0.000000 0.000000
2 0.228906 0.545974 0.000000 0.000000
2 0.133203 0.494441 0.005469 0.004507
2 0.190430 0.494892 0.008203 0.004808
2 0.100391 0.519531 0.090625 0.015625
2 0.115625 0.546725 0.060156 0.018329
2 0.284766 0.487230 0.003906 0.002103
2 0.239258 0.509165 0.013672 0.014724
2 0.230469 0.517728 0.005469 0.003005
2 0.221680 0.514724 0.009766 0.004808
2 0.215625 0.499399 0.002344 0.002404
2 0.221484 0.503906 0.007812 0.004207
2 0.221875 0.507512 0.006250 0.001803
2 0.180078 0.521184 0.007031 0.004507
2 0.150586 0.518630 0.003516 0.001803
2 0.162500 0.519832 0.001563 0.001803
2 0.160938 0.514423 0.027344 0.013221
2 0.189844 0.515475 0.014063 0.008714
2 0.202344 0.514724 0.020313 0.015024
2 0.210742 0.513522 0.023828 0.013221
2 0.129102 0.537410 0.019141 0.002704
2 0.258203 0.536508 0.014844 0.009916
2 0.249219 0.526893 0.014844 0.007512
2 0.229297 0.527043 0.000000 0.000000
2 0.214844 0.525841 0.000000 0.000000
2 0.217578 0.536358 0.010156 0.007812
2 0.155273 0.541767 0.003516 0.003005
2 0.167969 0.548678 0.006250 0.012620
2 0.191797 0.537710 0.017969 0.011719
2 0.240820 0.534105 0.017578 0.005709
2 0.201367 0.533954 0.003516 0.002404
2 0.197070 0.536208 0.002734 0.002103
2 0.149414 0.530048 0.002734 0.006010
2 0.142383 0.526743 0.003516 0.003005
2 0.188867 0.506310 0.007422 0.004808
2 0.166602 0.505709 0.005078 0.001803
2 0.172656 0.508263 0.005469 0.002103
2 0.182617 0.507662 0.007422 0.002704
2 0.135937 0.505709 0.025000 0.016827
2 0.119531 0.508714 0.004687 0.002404
2 0.105273 0.507212 0.038672 0.017428
2 0.104688 0.530649 0.025781 0.015024
2 0.107227 0.627855 0.006641 0.005108
2 0.129883 0.607422 0.004297 0.002704
2 0.021094 0.602764 0.000000 0.000000
2 0.046484 0.609075 0.002344 0.001202
2 0.040820 0.613131 0.001953 0.001502
2 0.007227 0.310397 0.003516 0.009615
2 0.003125 0.310998 0.000000 0.000000
2 0.011914 0.324369 0.003516 0.005108
2 0.046680 0.335337 0.002734 0.003005
2 0.125977 0.354267 0.066797 0.066106
3 0.172656 0.605469 0.294531 0.241587
2 0.264844 0.402794 0.008594 0.002704
2 0.116406 0.387921 0.000000 0.000000
2 0.125391 0.389724 0.000000 0.000000
2 0.138672 0.385517 0.000000 0.000000
2 0.143359 0.419171 0.000000 0.000000
2 0.200586 0.487079 0.011328 0.008413
2 0.202930 0.481971 0.007422 0.002404
2 0.110937 0.484675 0.006250 0.002404
2 0.136719 0.487380 0.002344 0.001803
2 0.227539 0.490385 0.007422 0.002404
2 0.216797 0.461238 0.000000 0.000000
2 0.195898 0.467698 0.012109 0.005709
2 0.143750 0.468750 0.000000 0.000000
2 0.201563 0.462740 0.000000 0.000000
2 0.175391 0.462139 0.014844 0.003606
2 0.164258 0.465595 0.005078 0.006310
2 0.157812 0.464543 0.000000 0.000000
2 0.170898 0.468299 0.001953 0.001502
2 0.182617 0.478816 0.003516 0.002704
2 0.169922 0.473257 0.015625 0.010216
2 0.155859 0.474309 0.003125 0.001502
2 0.153320 0.476112 0.003516 0.001502
2 0.152930 0.478065 0.003516 0.001803
2 0.175391 0.480319 0.003125 0.002704
2 0.174414 0.483924 0.003516 0.003906
2 0.162891 0.482272 0.005469 0.001202
2 0.162109 0.485126 0.004687 0.002103
2 0.158789 0.490685 0.028516 0.027043
2 0.170898 0.488281 0.009766 0.010817
2 0.169727 0.454477 0.009766 0.006310
2 0.181250 0.456731 0.006250 0.003005
2 0.171289 0.458684 0.009766 0.003305
2 0.151562 0.460036 0.002344 0.001202
2 0.159766 0.451923 0.000000 0.000000
2 0.163477 0.458684 0.003516 0.001502
2 0.197266 0.458834 0.000000 0.000000
2 0.204102 0.458534 0.008203 0.002404
2 0.216406 0.457933 0.000000 0.000000
2 0.150977 0.448017 0.033203 0.025841
2 0.197461 0.409555 0.024609 0.017428
2 0.246680 0.397686 0.019141 0.005108
2 0.241992 0.393930 0.012109 0.001803
2 0.073242 0.497446 0.048828 0.034555
