2 0.335337 0.493389 0.000000 0.000000
2 0.280349 0.348923 0.000000 0.000000
2 0.246695 0.344515 0.000000 0.000000
2 0.275240 0.263467 0.000000 0.000000
2 0.148588 0.290034 0.002103 0.002693
2 0.141526 0.288198 0.000000 0.000000
2 0.123197 0.318560 0.000000 0.000000
2 0.123498 0.323702 0.000000 0.000000
2 0.125000 0.325171 0.000000 0.000000
2 0.190505 0.326396 0.000000 0.000000
2 0.188702 0.324437 0.000000 0.000000
2 0.188101 0.326396 0.000000 0.000000
2 0.228966 0.478452 0.000000 0.000000
2 0.242488 0.467434 0.000000 0.000000
2 0.241887 0.465720 0.000000 0.000000
2 0.235577 0.469393 0.000000 0.000000
2 0.200421 0.469882 0.000000 0.000000
