2 0.519081 0.565867 0.004507 0.004897
2 0.171424 0.657444 0.004507 0.003428
2 0.175180 0.659647 0.002404 0.001959
2 0.167668 0.658668 0.000000 0.000000
2 0.378756 0.615206 0.002704 0.002693
2 0.401442 0.400220 0.010817 0.005142
2 0.396935 0.477228 0.000000 0.000000
2 0.237079 0.588271 0.004808 0.004652
2 0.282452 0.364349 0.000000 0.000000
2 0.190204 0.353452 0.003005 0.002693
2 0.039363 0.414545 0.000000 0.000000
2 0.187350 0.394099 0.002704 0.002693
2 0.063401 0.396670 0.000000 0.000000
2 0.168570 0.352595 0.000000 0.000000
2 0.207933 0.392262 0.000000 0.000000
2 0.223708 0.480779 0.003906 0.002693
2 0.268630 0.323702 0.000000 0.000000
2 0.317608 0.497184 0.002404 0.001714
2 0.302885 0.528281 0.001803 0.001714
2 0.160156 0.523506 0.000000 0.000000
2 0.234675 0.590597 0.002404 0.001959
2 0.442157 0.386753 0.004507 0.003673
2 0.172175 0.652302 0.001803 0.000979
2 0.176382 0.654138 0.001803 0.002693
