2 0.189258 0.504207 0.011328 0.009014
2 0.179688 0.498197 0.011719 0.006010
2 0.181641 0.493239 0.018750 0.011118
2 0.200977 0.484375 0.014453 0.007812
2 0.224805 0.521184 0.012109 0.008113
2 0.171875 0.390475 0.002344 0.002704
2 0.156445 0.394081 0.027734 0.030950
2 0.151172 0.487981 0.010156 0.006611
2 0.173633 0.466346 0.006641 0.006010
2 0.160547 0.455529 0.022656 0.022837
2 0.194336 0.467248 0.023828 0.003606
2 0.157227 0.517428 0.005859 0.004207
2 0.145898 0.515024 0.026172 0.019231
2 0.207031 0.529297 0.006250 0.003906
2 0.207227 0.512019 0.009766 0.006010
2 0.134766 0.496094 0.009375 0.003005
2 0.138086 0.498498 0.002734 0.001202
2 0.126562 0.445613 0.004687 0.003606
2 0.144727 0.419171 0.003516 0.003005
2 0.175000 0.439453 0.009375 0.005709
2 0.170313 0.455829 0.009375 0.005409
2 0.160742 0.446214 0.003516 0.001202
2 0.161133 0.451773 0.004297 0.004507
2 0.141602 0.505258 0.003516 0.001502
2 0.146484 0.501352 0.004687 0.001502
2 0.146094 0.471605 0.033594 0.009315
2 0.139453 0.480769 0.009375 0.009014
2 0.136719 0.492188 0.005469 0.004207
2 0.153125 0.506310 0.001563 0.001803
2 0.154883 0.415865 0.001953 0.001803
2 0.150391 0.409856 0.002344 0.003606
2 0.191797 0.443810 0.045312 0.009615
2 0.132227 0.531701 0.004297 0.003305
2 0.219336 0.512019 0.005078 0.003005
2 0.135156 0.402794 0.006250 0.003305
2 0.179492 0.433444 0.008984 0.005709
2 0.038477 0.337440 0.001953 0.001803
2 0.054883 0.501202 0.014453 0.003005
2 0.105664 0.478666 0.012891 0.010817
2 0.091406 0.477013 0.013281 0.008113
2 0.099609 0.494591 0.007812 0.002404
2 0.078320 0.482121 0.008984 0.002704
2 0.086523 0.479417 0.008984 0.005108
2 0.094141 0.462740 0.007031 0.004207
2 0.123242 0.407302 0.008984 0.003906
2 0.066406 0.355619 0.002344 0.002103
2 0.121094 0.507061 0.004687 0.002704
2 0.122461 0.504056 0.003516 0.003906
2 0.123438 0.479267 0.031250 0.018029
2 0.115039 0.486629 0.007422 0.008113
2 0.097852 0.484225 0.014453 0.006911
2 0.103906 0.491286 0.006250 0.008413
2 0.108398 0.500000 0.007422 0.007812
2 0.094922 0.497746 0.015625 0.007512
2 0.086523 0.504808 0.074609 0.032452
2 0.113672 0.465445 0.029687 0.016827
2 0.078906 0.491587 0.007812 0.006010
2 0.090820 0.443510 0.012109 0.010216
2 0.130859 0.378155 0.039844 0.043570
2 0.095312 0.399639 0.046875 0.035457
2 0.237305 0.525541 0.008203 0.004207
2 0.231836 0.487831 0.012891 0.007512
2 0.226367 0.489934 0.008203 0.006310
3 0.173047 0.499700 0.275781 0.267428
2 0.019922 0.290264 0.003125 0.004207
2 0.027734 0.322716 0.000000 0.000000
2 0.031445 0.324369 0.001172 0.001502
2 0.232422 0.535907 0.003906 0.003305
2 0.275391 0.497897 0.004687 0.002404
2 0.305078 0.555138 0.007031 0.001502
2 0.248633 0.498948 0.007422 0.005108
2 0.167578 0.545072 0.003906 0.004808
2 0.076172 0.544020 0.005469 0.004507
2 0.197070 0.550030 0.010547 0.006911
