2 0.800195 0.742788 0.005078 0.004808
2 0.792578 0.675481 0.007031 0.005409
2 0.721484 0.450120 0.000000 0.000000
2 0.725000 0.478065 0.004687 0.004207
2 0.714453 0.523287 0.003906 0.002103
2 0.723828 0.527945 0.004687 0.003606
2 0.683789 0.594201 0.009766 0.006911
2 0.712109 0.667518 0.005469 0.003305
2 0.701953 0.712139 0.007812 0.006010
2 0.677344 0.679988 0.006250 0.004808
2 0.585742 0.557392 0.008203 0.005409
2 0.454297 0.293570 0.000000 0.000000
2 0.645508 0.692308 0.002734 0.003005
2 0.785547 0.693510 0.007031 0.006010
2 0.770312 0.673978 0.008594 0.007812
2 0.903125 0.619742 0.011719 0.010517
2 0.860547 0.608924 0.003125 0.003305
2 0.857227 0.608924 0.001953 0.002103
